
7.0122
7.0039
6.9961
6.9807
6.9928
6.9913
6.9778
6.9686
6.9610
6.9600
6.9544
6.9517
6.9487
6.9469
6.9446
6.9455
6.9466
6.9453
6.9436
6.9424
6.9409
6.9399
6.9386
6.9374
6.9366
6.9365
6.9356
6.9345
6.9337
6.9326
6.9314
6.9307
6.9305
6.9297
6.9290
6.9280
6.9274
6.9269
6.9267
6.9263
6.9253
6.9259
6.9258
6.9258
6.9256
6.9253
6.9247
6.9245
6.9243
6.9240
6.9236
6.9232
6.9232
6.9229
6.9229
6.9226
6.9223
6.9217
6.9216
6.9215
6.9212
6.9210
6.9206
6.9203
6.9200
6.9195
6.9194
6.9194
6.9195
6.9191
6.9191
6.9187
6.9187
6.9182
6.9183
6.9185
6.9181
6.9172
6.9172
6.9173
6.9178
6.9177
6.9184
6.9178
6.9177
6.9182
6.9187
6.9189
6.9188
6.9186
6.9189
6.9192
6.9191
6.9190
6.9189
6.9185
6.9187
6.9188
6.9189
6.9189
6.9190
6.9189
6.9189
6.9188
6.9184
6.9184
6.9186
6.9185
6.9182
6.9183
6.9183
6.9182
6.9179
6.9176
6.9178
6.9176
6.9174
6.9175
6.9177
6.9177
6.9172
6.9172
6.9169
6.9168
6.9168
6.9164
6.9166
6.9167
6.9168
6.9166
6.9165
6.9161
6.9163
6.9160
6.9161
6.9156
6.9157
6.9159
6.9160
6.9161
6.9160
6.9159
6.9155
6.9151
6.9150
6.9151
6.9153
6.9155
6.9154
6.9156
6.9157
6.9157
6.9160
6.9160
6.9159
6.9158
6.9162
6.9163
6.9163
6.9162
6.9163
6.9164
6.9164
6.9167
6.9170
6.9170
6.9167
6.9164
6.9162
6.9160
6.9162
6.9162
6.9162
6.9165
6.9165
6.9166
6.9169
6.9171
6.9173
6.9174
6.9175
6.9176
6.9176
6.9175
6.9175
6.9174
6.9175
6.9177
6.9176
6.9175
6.9173
6.9172
6.9171
6.9171
6.9172
6.9173
6.9176
6.9180
6.9183
6.9184

6.8813
6.8988
6.9005
6.9096
6.9180
6.9284
6.9193
6.9226
6.9274
6.9329
6.9367
6.9360
6.9330
6.9381
6.9379
6.9382
6.9401
6.9383
6.9362
6.9352
6.9364
6.9378
6.9378
6.9374
6.9362
6.9365
6.9362
6.9372
6.9376
6.9362
6.9361
6.9364
6.9355
6.9349
6.9345
6.9354
6.9341
6.9339
6.9329
6.9320
6.9305
6.9295
6.9291
6.9290
6.9288
6.9275
6.9261
6.9255
6.9262
6.9278
6.9275
6.9277
6.9281
6.9280
6.9293
6.9292
6.9289
6.9288
6.9285
6.9286
6.9282
6.9283
6.9277
6.9275
6.9284
6.9280
6.9282
6.9284
6.9288
6.9287
6.9282
6.9282
6.9288
6.9281
6.9284
6.9282
6.9291
6.9282
6.9285
6.9286
6.9285
6.9291
6.9289
6.9283
6.9283
6.9275
6.9272
6.9266
6.9273
6.9276
6.9280
6.9278
6.9278
6.9281
6.9284
6.9281
6.9276
6.9274
6.9264
6.9269
6.9275
6.9273
6.9265
6.9263
6.9262
6.9265
6.9268
6.9269
6.9265
6.9270
6.9268
6.9280
6.9280
6.9286
6.9282
6.9290
6.9292
6.9288
6.9289
6.9287
6.9290
6.9295
6.9295
6.9298
6.9296
6.9297
6.9293
6.9294
6.9298
6.9301
6.9302
6.9302
6.9311
6.9312
6.9316
6.9320
6.9319
6.9320
6.9318
6.9322
6.9326
6.9331
6.9335
6.9335
6.9333
6.9332
6.9334
6.9339
6.9343
6.9344
6.9343
6.9346
6.9344
6.9341
6.9339
6.9339
6.9337
6.9342
6.9342
6.9340
6.9340
6.9338
6.9336
6.9337
6.9339
6.9342
6.9343
6.9344
6.9345
6.9345
6.9348
6.9348
6.9346
6.9350
6.9347
6.9347
6.9349
6.9351
6.9352
6.9357
6.9360
6.9358
6.9360
6.9361
6.9359
6.9358
6.9359
6.9362
6.9356
6.9360
6.9359
6.9360
6.9359
6.9357
6.9359
6.9362
6.9362
6.9364
6.9367
6.9364

6.9714
6.9801
6.9484
6.9535
6.9494
6.9382
6.9308
6.9309
6.9274
6.9314
6.9297
6.9266
6.9225
6.9269
6.9319
6.9245
6.9250
6.9296
6.9342
6.9380
6.9401
6.9396
6.9408
6.9408
6.9414
6.9420
6.9420
6.9443
6.9450
6.9461
6.9465
6.9463
6.9476
6.9471
6.9449
6.9455
6.9457
6.9468
6.9484
6.9484
6.9497
6.9480
6.9491
6.9478
6.9478
6.9493
6.9496
6.9510
6.9504
6.9500
6.9495
6.9494
6.9495
6.9501
6.9496
6.9495
6.9504
6.9506
6.9501
6.9485
6.9476
6.9473
6.9479
6.9477
6.9483
6.9494
6.9496
6.9497
6.9504
6.9494
6.9498
6.9496
6.9499
6.9493
6.9492
6.9497
6.9539
6.9544
6.9590
6.9763
6.9935
6.9930
6.9930
6.9926
6.9923
6.9919
6.9915
6.9899
6.9900
6.9888
6.9884
6.9886
6.9881
6.9882
6.9883
6.9868
6.9870
6.9862
6.9853
6.9847
6.9832
6.9828
6.9826
6.9831
6.9819
6.9815
6.9818
6.9813
6.9808
6.9802
6.9801
6.9802
6.9801
6.9804
6.9802
6.9817
6.9809
6.9810
6.9808
6.9807
6.9798
6.9799
6.9799
6.9793
6.9789
6.9778
6.9777
6.9776
6.9775
6.9777
6.9777
6.9773
6.9766
6.9771
6.9767
6.9765
6.9762
6.9760
6.9761
6.9764
6.9758
6.9760
6.9751
6.9754
6.9755
6.9749
6.9743
6.9742
6.9745
6.9747
6.9742
6.9739
6.9741
6.9742
6.9748
6.9750
6.9753
6.9753
6.9747
6.9744
6.9742
6.9746
6.9751
6.9754
6.9753
6.9751
6.9759
6.9760
6.9765
6.9766
6.9758
6.9753
6.9749
6.9755
6.9755
6.9759
6.9757
6.9760
6.9763
6.9763
6.9754
6.9755
6.9750
6.9746
6.9741
6.9741
6.9741
6.9737
6.9737
6.9736
6.9736
6.9738
6.9738
6.9739
6.9744
6.9741
6.9742
6.9748
6.9749
6.9748

7.0084
6.9474
6.9414
6.9463
6.9335
6.9290
6.9271
6.9279
6.9286
6.9305
6.9354
6.9442
6.9403
6.9442
6.9487
6.9509
6.9549
6.9564
6.9596
6.9567
6.9582
6.9592
6.9623
6.9632
6.9662
6.9658
6.9651
6.9626
6.9659
6.9697
6.9716
6.9750
6.9716
6.9714
6.9714
6.9707
6.9702
6.9688
6.9684
6.9679
6.9687
6.9682
6.9691
6.9697
6.9709
6.9726
6.9719
6.9705
6.9708
6.9710
6.9693
6.9679
6.9678
6.9682
6.9687
6.9689
6.9695
6.9682
6.9684
6.9668
6.9659
6.9648
6.9648
6.9642
6.9643
6.9637
6.9645
6.9645
6.9653
6.9667
6.9660
6.9663
6.9653
6.9655
6.9663
6.9671
6.9687
6.9685
6.9680
6.9689
6.9684
6.9683
6.9682
6.9677
6.9673
6.9676
6.9676
6.9690
6.9683
6.9681
6.9686
6.9691
6.9685
6.9691
6.9689
6.9687
6.9685
6.9679
6.9675
6.9673
6.9669
6.9672
6.9674
6.9667
6.9662
6.9660
6.9658
6.9651
6.9644
6.9645
6.9641
6.9639
6.9637
6.9637
6.9639
6.9651
6.9656
6.9657
6.9656
6.9664
6.9662
6.9655
6.9654
6.9650
6.9649
6.9644
6.9642
6.9638
6.9637
6.9637
6.9634
6.9638
6.9636
6.9632
6.9622
6.9626
6.9631
6.9631
6.9629
6.9629
6.9624
6.9627
6.9619
6.9627
6.9628
6.9628
6.9625
6.9625
6.9618
6.9626
6.9627
6.9623
6.9621
6.9621
6.9615
6.9614
6.9612
6.9609
6.9607
6.9612
6.9611
6.9611
6.9609
6.9613
6.9618
6.9619
6.9620
6.9623
6.9625
6.9625
6.9622
6.9622
6.9623
6.9630
6.9625
6.9623
6.9624
6.9623
6.9622
6.9624
6.9624
6.9622
6.9624
6.9621
6.9621
6.9623
6.9620
6.9621
6.9619
6.9617
6.9618
6.9618
6.9616
6.9615
6.9615
6.9615
6.9617
6.9618
6.9618
6.9617

7.0210
7.1493
7.0455
7.0270
7.0305
7.0089
6.9963
6.9957
6.9853
6.9764
6.9814
6.9787
6.9760
6.9755
6.9796
6.9807
6.9813
6.9788
6.9854
6.9928
6.9915
6.9863
6.9876
6.9880
6.9934
6.9904
6.9911
6.9890
6.9887
6.9888
6.9883
6.9883
6.9897
6.9909
6.9887
6.9887
6.9878
6.9874
6.9881
6.9909
6.9924
6.9922
6.9920
6.9915
6.9906
6.9904
6.9899
6.9888
6.9880
6.9876
6.9880
6.9871
6.9865
6.9843
6.9840
6.9844
6.9844
6.9839
6.9829
6.9838
6.9831
6.9824
6.9815
6.9815
6.9820
6.9824
6.9826
6.9816
6.9824
6.9823
6.9812
6.9806
6.9817
6.9804
6.9794
6.9794
6.9788
6.9811
6.9808
6.9810
6.9820
6.9807
6.9819
6.9820
6.9818
6.9811
6.9799
6.9812
6.9822
6.9828
6.9831
6.9835
6.9820
6.9818
6.9821
6.9804
6.9796
6.9786
6.9783
6.9773
6.9794
6.9795
6.9793
6.9780
6.9769
6.9769
6.9773
6.9773
6.9775
6.9784
6.9779
6.9778
6.9771
6.9768
6.9767
6.9770
6.9763
6.9764
6.9763
6.9765
6.9769
6.9774
6.9781
6.9770
6.9770
6.9776
6.9780
6.9779
6.9780
6.9781
6.9787
6.9780
6.9775
6.9773
6.9769
6.9778
6.9775
6.9777
6.9775
6.9783
6.9791
6.9791
6.9794
6.9791
6.9789
6.9795
6.9794
6.9787
6.9792
6.9791
6.9794
6.9794
6.9786
6.9786
6.9778
6.9779
6.9768
6.9771
6.9770
6.9769
6.9768
6.9765
6.9771
6.9772
6.9769
6.9766
6.9765
6.9760
6.9765
6.9763
6.9761
6.9764
6.9765
6.9767
6.9772
6.9769
6.9765
6.9765
6.9761
6.9760
6.9760
6.9756
6.9747
6.9742
6.9739
6.9736
6.9732
6.9727
6.9726
6.9724
6.9722
6.9716
6.9711
6.9704
6.9707
6.9708
6.9713
6.9711
6.9713
6.9709

6.8716
6.8984
6.9089
6.9275
6.9375
6.9592
6.9608
6.9499
6.9510
6.9544
6.9522
6.9463
6.9484
6.9434
6.9454
6.9465
6.9477
6.9503
6.9509
6.9505
6.9520
6.9509
6.9506
6.9476
6.9462
6.9457
6.9460
6.9480
6.9496
6.9522
6.9517
6.9532
6.9532
6.9506
6.9495
6.9487
6.9487
6.9495
6.9498
6.9481
6.9483
6.9496
6.9510
6.9510
6.9515
6.9510
6.9512
6.9502
6.9518
6.9520
6.9517
6.9515
6.9536
6.9550
6.9568
6.9556
6.9570
6.9560
6.9552
6.9571
6.9563
6.9570
6.9569
6.9562
6.9555
6.9551
6.9561
6.9557
6.9539
6.9542
6.9540
6.9538
6.9524
6.9533
6.9543
6.9536
6.9539
6.9539
6.9550
6.9554
6.9573
6.9571
6.9566
6.9556
6.9551
6.9543
6.9558
6.9566
6.9562
6.9559
6.9560
6.9571
6.9585
6.9606
6.9591
6.9585
6.9593
6.9584
6.9591
6.9599
6.9612
6.9610
6.9613
6.9626
6.9631
6.9648
6.9643
6.9647
6.9646
6.9655
6.9657
6.9660
6.9654
6.9662
6.9661
6.9659
6.9662
6.9664
6.9659
6.9657
6.9659
6.9661
6.9660
6.9660
6.9666
6.9669
6.9658
6.9663
6.9665
6.9663
6.9664
6.9670
6.9678
6.9675
6.9675
6.9662
6.9659
6.9653
6.9653
6.9650
6.9646
6.9647
6.9657
6.9656
6.9654
6.9654
6.9655
6.9653
6.9658
6.9659
6.9653
6.9653
6.9647
6.9651
6.9651
6.9651
6.9649
6.9648
6.9643
6.9637
6.9630
6.9625
6.9631
6.9632
6.9631
6.9630
6.9634
6.9637
6.9632
6.9627
6.9621
6.9613
6.9613
6.9617
6.9619
6.9623
6.9624
6.9626
6.9623
6.9627
6.9632
6.9631
6.9629
6.9624
6.9627
6.9629
6.9635
6.9634
6.9633
6.9636
6.9636
6.9633
6.9635
6.9637
6.9635
6.9636
6.9633
6.9638
6.9638
6.9637

6.9406
6.8957
6.9509
6.9720
6.9686
6.9635
6.9650
6.9668
6.9633
6.9547
6.9604
6.9648
6.9687
6.9652
6.9645
6.9653
6.9633
6.9683
6.9662
6.9630
6.9597
6.9631
6.9642
6.9633
6.9675
6.9649
6.9667
6.9672
6.9704
6.9729
6.9745
6.9768
6.9755
6.9732
6.9711
6.9670
6.9690
6.9702
6.9699
6.9694
6.9698
6.9718
6.9713
6.9710
6.9701
6.9711
6.9710
6.9718
6.9711
6.9707
6.9714
6.9704
6.9697
6.9719
6.9715
6.9706
6.9708
6.9714
6.9724
6.9724
6.9713
6.9720
6.9704
6.9691
6.9688
6.9699
6.9724
6.9706
6.9713
6.9719
6.9720
6.9712
6.9723
6.9732
6.9745
6.9738
6.9741
6.9737
6.9753
6.9751
6.9764
6.9770
6.9771
6.9763
6.9776
6.9765
6.9778
6.9778
6.9780
6.9771
6.9780
6.9781
6.9784
6.9785
6.9796
6.9794
6.9786
6.9789
6.9792
6.9794
6.9789
6.9783
6.9786
6.9781
6.9781
6.9783
6.9793
6.9794
6.9809
6.9806
6.9807
6.9810
6.9813
6.9809
6.9809
6.9808
6.9819
6.9824
6.9825
6.9822
6.9827
6.9830
6.9832
6.9844
6.9842
6.9840
6.9844
6.9841
6.9843
6.9958
7.0607
7.0760
7.0746
7.0742
7.0725
7.0717
7.0714
7.0715
7.0706
7.0696
7.0689
7.0680
7.0673
7.0667
7.0660
7.0648
7.0636
7.0632
7.0633
7.0626
7.0617
7.0619
7.0616
7.0611
7.0605
7.0605
7.0606
7.0601
7.0601
7.0597
7.0601
7.0600
7.0594
7.0589
7.0590
7.0581
7.0576
7.0574
7.0572
7.0560
7.0560
7.0555
7.0551
7.0551
7.0541
7.0536
7.0528
7.0525
7.0526
7.0516
7.0514
7.0510
7.0511
7.0504
7.0498
7.0496
7.0483
7.0487
7.0477
7.0466
7.0464
7.0459
7.0451
7.0448
7.0449
7.0448
7.0447
7.0445
7.0437
7.0432

7.1004
7.0741
7.0568
7.0464
7.0183
7.0155
7.0161
7.0184
7.0119
7.0228
7.0219
7.0158
7.0170
7.0151
7.0231
7.0285
7.0289
7.0244
7.0229
7.0198
7.0253
7.0287
7.0296
7.0348
7.0394
7.0326
7.0277
7.0267
7.0254
7.0258
7.0286
7.0295
7.0293
7.0239
7.0241
7.0252
7.0268
7.0287
7.0282
7.0253
7.0250
7.0233
7.0241
7.0230
7.0208
7.0200
7.0220
7.0222
7.0243
7.0239
7.0236
7.0223
7.0228
7.0223
7.0220
7.0229
7.0233
7.0230
7.0220
7.0228
7.0219
7.0207
7.0203
7.0197
7.0206
7.0197
7.0196
7.0196
7.0176
7.0177
7.0175
7.0158
7.0155
7.0157
7.0155
7.0144
7.0156
7.0144
7.0143
7.0145
7.0156
7.0139
7.0138
7.0136
7.0127
7.0119
7.0120
7.0119
7.0116
7.0117
7.0119
7.0123
7.0117
7.0129
7.0121
7.0105
7.0117
7.0108
7.0108
7.0104
7.0097
7.0110
7.0114
7.0119
7.0112
7.0119
7.0115
7.0105
7.0105
7.0102
7.0102
7.0103
7.0099
7.0101
7.0094
7.0092
7.0093
7.0081
7.0090
7.0088
7.0091
7.0079
7.0083
7.0084
7.0086
7.0090
7.0091
7.0096
7.0107
7.0106
7.0095
7.0084
7.0082
7.0079
7.0080
7.0079
7.0071
7.0078
7.0078
7.0083
7.0090
7.0084
7.0083
7.0078
7.0089
7.0092
7.0087
7.0088
7.0094
7.0092
7.0089
7.0094
7.0090
7.0092
7.0086
7.0081
7.0085
7.0087
7.0090
7.0085
7.0085
7.0082
7.0086
7.0092
7.0093
7.0095
7.0103
7.0106
7.0110
7.0110
7.0113
7.0118
7.0113
7.0115
7.0118
7.0122
7.0117
7.0111
7.0119
7.0118
7.0112
7.0112
7.0113
7.0117
7.0120
7.0610
7.1094
7.1573
7.2047
7.2517
7.2981
7.3440
7.3895
7.4345
7.4790
7.5231
7.5667
7.6099
7.6527
7.6950

16.1181
16.1181
16.1181
16.1181
16.1181
16.1181
16.1181
16.1181
16.1181
16.1181
16.1181
16.1181
16.1181
16.1181
16.1181
16.1181
16.1181
16.1181
16.1181
16.1181
16.1181
16.1181
16.1181
16.1181
16.1181
16.1181
16.1181
16.1001
16.1007
16.1013
16.1018
16.1024
16.1028
16.1033
16.1037
16.1041
16.1045
16.1048
16.1052
16.1055
16.0935
16.0941
16.0947
16.0952
16.0957
16.0962
16.0967
16.0971
16.0975
16.0979
16.0983
16.0987
16.0991
16.0901
16.0906
16.0911
16.0916
16.0920
16.0925
16.0929
16.0933
16.0937
16.0941
16.0945
16.0948
16.0952
16.0955
16.0959
16.0962
16.0965
16.0968
16.0971
16.0974
16.0977
16.0979
16.0982
16.0919
16.0923
16.0926
16.0929
16.0932
16.0935
16.0938
16.0941
16.0944
16.0947
16.0949
16.0952
16.0955
16.0957
16.0960
16.0962
16.0964
16.0967
16.0969
16.0971
16.0973
16.0975
16.0977
16.0979
16.0981
16.0983
16.0985
16.0987
16.0989
16.0991
16.0993
16.0948
16.0950
16.0952
16.0954
16.0956
16.0958
16.0960
16.0962
16.0964
16.0966
16.0968
16.0969
16.0971
16.0973
16.0975
16.0976
16.0978
16.0979
16.0981
16.0983
16.0984
16.0986
16.0987
16.0989
16.0990
16.0992
16.0993
16.0994
16.0996
16.0997
16.0998
16.1000
16.1001
16.1002
16.1004
16.1005
16.1006
16.1007
16.1008
16.1010
16.1011
16.1012
16.1013
16.1014
16.1015
16.1016
16.1017
16.1018
16.1020
16.1021
16.1022
16.1023
16.1024
16.1025
16.1025
16.1026
16.1027
16.1028
16.1029
16.1030
16.1031
16.1032
16.1033
16.1034
16.1035
16.1035
16.1036
16.1037
16.1038
16.1039
16.1039
16.1040
16.1041
16.1042
16.1043
16.1043
16.1044
16.1018
16.1018
16.1019
16.1020
16.1021
16.1022
16.1023
16.1024
16.1024
16.1025
16.1026
16.1027
16.1028
16.1028
16.1029
16.1030

16.1181
16.1181
16.1181
16.1181
16.1181
16.1181
16.1181
16.1181
16.1181
16.1181
16.1181
16.1181
16.1181
16.1181
16.1181
16.1181
16.1181
16.1181
16.1181
16.1181
16.1181
16.1181
16.1181
16.1181
16.1181
16.1181
16.1181
16.1181
16.1181
16.1181
16.1181
16.1181
16.1181
16.1181
16.1181
16.1181
16.1045
16.1048
16.1052
16.1055
16.1058
16.1061
16.1064
16.1066
16.0957
16.0962
16.0967
16.0971
16.0975
16.0979
16.0983
16.0987
16.0991
16.0994
16.0998
16.1001
16.1004
16.1007
16.1010
16.1013
16.1016
16.1018
16.1021
16.1024
16.1026
16.1028
16.1031
16.1033
16.1035
16.1037
16.1039
16.1041
16.1043
16.1045
16.1047
16.1048
16.1050
16.1052
16.1053
16.1055
16.1057
16.1058
16.1060
16.1061
16.1062
16.1064
16.1065
16.1066
16.1068
16.1069
16.1070
16.1071
16.1018
16.1020
16.1022
16.1024
16.1025
16.1027
16.1028
16.1030
16.1031
16.1033
16.1034
16.1036
16.1037
16.1038
16.1040
16.1041
16.1042
16.1044
16.1045
16.1046
16.1047
16.1048
16.1050
16.1007
16.1009
16.1010
16.1012
16.1013
16.1014
16.1016
16.1017
16.1018
16.1020
16.1021
16.1022
16.1024
16.1025
16.1026
16.1027
16.1028
16.1029
16.1031
16.1032
16.1033
16.1034
16.1035
16.1036
16.1037
16.1038
16.1039
16.1040
16.1041
16.1042
16.1043
16.1044
16.1045
16.1046
16.1047
16.1048
16.1048
16.1049
16.1050
16.1051
16.1052
16.1053
16.1053
16.1054
16.1055
16.1056
16.1057
16.1057
16.1058
16.1059
16.1060
16.1030
16.1031
16.1032
16.1033
16.1034
16.1035
16.1035
16.1036
16.1037
16.1038
16.1039
16.1039
16.1040
16.1041
16.1042
16.1043
16.1043
16.1044
16.1045
16.1046
16.1046
16.1047
16.1048
16.1048
16.1049
16.1050
16.1050
16.1051
16.1052
16.1052
16.1053
16.1054
16.1054
16.1055
