
7.0210
7.1493
7.0455
7.0270
7.0305
7.0089
6.9963
6.9957
6.9853
6.9764
6.9814
6.9787
6.9760
6.9755
6.9796
6.9807
6.9813
6.9788
6.9854
6.9928
6.9915
6.9863
6.9876
6.9880
6.9934
6.9904
6.9911
6.9890
6.9887
6.9888
6.9883
6.9883
6.9897
6.9909
6.9887
6.9887
6.9878
6.9874
6.9881
6.9909
6.9924
6.9922
6.9920
6.9915
6.9906
6.9904
6.9899
6.9888
6.9880
6.9876
6.9880
6.9871
6.9865
6.9843
6.9840
6.9844
6.9844
6.9839
6.9829
6.9838
6.9831
6.9824
6.9815
6.9815
6.9820
6.9824
6.9826
6.9816
6.9824
6.9823
6.9812
6.9806
6.9817
6.9804
6.9794
6.9794
6.9788
6.9811
6.9808
6.9810
6.9820
6.9807
6.9819
6.9820
6.9818
6.9811
6.9799
6.9812
6.9822
6.9828
6.9831
6.9835
6.9820
6.9818
6.9821
6.9804
6.9796
6.9786
6.9783
6.9773
6.9794
6.9795
6.9793
6.9780
6.9769
6.9769
6.9773
6.9773
6.9775
6.9784
6.9779
6.9778
6.9771
6.9768
6.9767
6.9770
6.9763
6.9764
6.9763
6.9765
6.9769
6.9774
6.9781
6.9770
6.9770
6.9776
6.9780
6.9779
6.9780
6.9781
6.9787
6.9780
6.9775
6.9773
6.9769
6.9778
6.9775
6.9777
6.9775
6.9783
6.9791
6.9791
6.9794
6.9791
6.9789
6.9795
6.9794
6.9787
6.9792
6.9791
6.9794
6.9794
6.9786
6.9786
6.9778
6.9779
6.9768
6.9771
6.9770
6.9769
6.9768
6.9765
6.9771
6.9772
6.9769
6.9766
6.9765
6.9760
6.9765
6.9763
6.9761
6.9764
6.9765
6.9767
6.9772
6.9769
6.9765
6.9765
6.9761
6.9760
6.9760
6.9756
6.9747
6.9742
6.9739
6.9736
6.9732
6.9727
6.9726
6.9724
6.9722
6.9716
6.9711
6.9704
6.9707
6.9708
6.9713
6.9711
6.9713
6.9709
