
7.0084
6.9474
6.9414
6.9463
6.9335
6.9290
6.9271
6.9279
6.9286
6.9305
6.9354
6.9442
6.9403
6.9442
6.9487
6.9509
6.9549
6.9564
6.9596
6.9567
6.9582
6.9592
6.9623
6.9632
6.9662
6.9658
6.9651
6.9626
6.9659
6.9697
6.9716
6.9750
6.9716
6.9714
6.9714
6.9707
6.9702
6.9688
6.9684
6.9679
6.9687
6.9682
6.9691
6.9697
6.9709
6.9726
6.9719
6.9705
6.9708
6.9710
6.9693
6.9679
6.9678
6.9682
6.9687
6.9689
6.9695
6.9682
6.9684
6.9668
6.9659
6.9648
6.9648
6.9642
6.9643
6.9637
6.9645
6.9645
6.9653
6.9667
6.9660
6.9663
6.9653
6.9655
6.9663
6.9671
6.9687
6.9685
6.9680
6.9689
6.9684
6.9683
6.9682
6.9677
6.9673
6.9676
6.9676
6.9690
6.9683
6.9681
6.9686
6.9691
6.9685
6.9691
6.9689
6.9687
6.9685
6.9679
6.9675
6.9673
6.9669
6.9672
6.9674
6.9667
6.9662
6.9660
6.9658
6.9651
6.9644
6.9645
6.9641
6.9639
6.9637
6.9637
6.9639
6.9651
6.9656
6.9657
6.9656
6.9664
6.9662
6.9655
6.9654
6.9650
6.9649
6.9644
6.9642
6.9638
6.9637
6.9637
6.9634
6.9638
6.9636
6.9632
6.9622
6.9626
6.9631
6.9631
6.9629
6.9629
6.9624
6.9627
6.9619
6.9627
6.9628
6.9628
6.9625
6.9625
6.9618
6.9626
6.9627
6.9623
6.9621
6.9621
6.9615
6.9614
6.9612
6.9609
6.9607
6.9612
6.9611
6.9611
6.9609
6.9613
6.9618
6.9619
6.9620
6.9623
6.9625
6.9625
6.9622
6.9622
6.9623
6.9630
6.9625
6.9623
6.9624
6.9623
6.9622
6.9624
6.9624
6.9622
6.9624
6.9621
6.9621
6.9623
6.9620
6.9621
6.9619
6.9617
6.9618
6.9618
6.9616
6.9615
6.9615
6.9615
6.9617
6.9618
6.9618
6.9617
