
6.8716
6.8984
6.9089
6.9275
6.9375
6.9592
6.9608
6.9499
6.9510
6.9544
6.9522
6.9463
6.9484
6.9434
6.9454
6.9465
6.9477
6.9503
6.9509
6.9505
6.9520
6.9509
6.9506
6.9476
6.9462
6.9457
6.9460
6.9480
6.9496
6.9522
6.9517
6.9532
6.9532
6.9506
6.9495
6.9487
6.9487
6.9495
6.9498
6.9481
6.9483
6.9496
6.9510
6.9510
6.9515
6.9510
6.9512
6.9502
6.9518
6.9520
6.9517
6.9515
6.9536
6.9550
6.9568
6.9556
6.9570
6.9560
6.9552
6.9571
6.9563
6.9570
6.9569
6.9562
6.9555
6.9551
6.9561
6.9557
6.9539
6.9542
6.9540
6.9538
6.9524
6.9533
6.9543
6.9536
6.9539
6.9539
6.9550
6.9554
6.9573
6.9571
6.9566
6.9556
6.9551
6.9543
6.9558
6.9566
6.9562
6.9559
6.9560
6.9571
6.9585
6.9606
6.9591
6.9585
6.9593
6.9584
6.9591
6.9599
6.9612
6.9610
6.9613
6.9626
6.9631
6.9648
6.9643
6.9647
6.9646
6.9655
6.9657
6.9660
6.9654
6.9662
6.9661
6.9659
6.9662
6.9664
6.9659
6.9657
6.9659
6.9661
6.9660
6.9660
6.9666
6.9669
6.9658
6.9663
6.9665
6.9663
6.9664
6.9670
6.9678
6.9675
6.9675
6.9662
6.9659
6.9653
6.9653
6.9650
6.9646
6.9647
6.9657
6.9656
6.9654
6.9654
6.9655
6.9653
6.9658
6.9659
6.9653
6.9653
6.9647
6.9651
6.9651
6.9651
6.9649
6.9648
6.9643
6.9637
6.9630
6.9625
6.9631
6.9632
6.9631
6.9630
6.9634
6.9637
6.9632
6.9627
6.9621
6.9613
6.9613
6.9617
6.9619
6.9623
6.9624
6.9626
6.9623
6.9627
6.9632
6.9631
6.9629
6.9624
6.9627
6.9629
6.9635
6.9634
6.9633
6.9636
6.9636
6.9633
6.9635
6.9637
6.9635
6.9636
6.9633
6.9638
6.9638
6.9637
