
7.0122
7.0039
6.9961
6.9807
6.9928
6.9913
6.9778
6.9686
6.9610
6.9600
6.9544
6.9517
6.9487
6.9469
6.9446
6.9455
6.9466
6.9453
6.9436
6.9424
6.9409
6.9399
6.9386
6.9374
6.9366
6.9365
6.9356
6.9345
6.9337
6.9326
6.9314
6.9307
6.9305
6.9297
6.9290
6.9280
6.9274
6.9269
6.9267
6.9263
6.9253
6.9259
6.9258
6.9258
6.9256
6.9253
6.9247
6.9245
6.9243
6.9240
6.9236
6.9232
6.9232
6.9229
6.9229
6.9226
6.9223
6.9217
6.9216
6.9215
6.9212
6.9210
6.9206
6.9203
6.9200
6.9195
6.9194
6.9194
6.9195
6.9191
6.9191
6.9187
6.9187
6.9182
6.9183
6.9185
6.9181
6.9172
6.9172
6.9173
6.9178
6.9177
6.9184
6.9178
6.9177
6.9182
6.9187
6.9189
6.9188
6.9186
6.9189
6.9192
6.9191
6.9190
6.9189
6.9185
6.9187
6.9188
6.9189
6.9189
6.9190
6.9189
6.9189
6.9188
6.9184
6.9184
6.9186
6.9185
6.9182
6.9183
6.9183
6.9182
6.9179
6.9176
6.9178
6.9176
6.9174
6.9175
6.9177
6.9177
6.9172
6.9172
6.9169
6.9168
6.9168
6.9164
6.9166
6.9167
6.9168
6.9166
6.9165
6.9161
6.9163
6.9160
6.9161
6.9156
6.9157
6.9159
6.9160
6.9161
6.9160
6.9159
6.9155
6.9151
6.9150
6.9151
6.9153
6.9155
6.9154
6.9156
6.9157
6.9157
6.9160
6.9160
6.9159
6.9158
6.9162
6.9163
6.9163
6.9162
6.9163
6.9164
6.9164
6.9167
6.9170
6.9170
6.9167
6.9164
6.9162
6.9160
6.9162
6.9162
6.9162
6.9165
6.9165
6.9166
6.9169
6.9171
6.9173
6.9174
6.9175
6.9176
6.9176
6.9175
6.9175
6.9174
6.9175
6.9177
6.9176
6.9175
6.9173
6.9172
6.9171
6.9171
6.9172
6.9173
6.9176
6.9180
6.9183
6.9184
