
6.8813
6.8988
6.9005
6.9096
6.9180
6.9284
6.9193
6.9226
6.9274
6.9329
6.9367
6.9360
6.9330
6.9381
6.9379
6.9382
6.9401
6.9383
6.9362
6.9352
6.9364
6.9378
6.9378
6.9374
6.9362
6.9365
6.9362
6.9372
6.9376
6.9362
6.9361
6.9364
6.9355
6.9349
6.9345
6.9354
6.9341
6.9339
6.9329
6.9320
6.9305
6.9295
6.9291
6.9290
6.9288
6.9275
6.9261
6.9255
6.9262
6.9278
6.9275
6.9277
6.9281
6.9280
6.9293
6.9292
6.9289
6.9288
6.9285
6.9286
6.9282
6.9283
6.9277
6.9275
6.9284
6.9280
6.9282
6.9284
6.9288
6.9287
6.9282
6.9282
6.9288
6.9281
6.9284
6.9282
6.9291
6.9282
6.9285
6.9286
6.9285
6.9291
6.9289
6.9283
6.9283
6.9275
6.9272
6.9266
6.9273
6.9276
6.9280
6.9278
6.9278
6.9281
6.9284
6.9281
6.9276
6.9274
6.9264
6.9269
6.9275
6.9273
6.9265
6.9263
6.9262
6.9265
6.9268
6.9269
6.9265
6.9270
6.9268
6.9280
6.9280
6.9286
6.9282
6.9290
6.9292
6.9288
6.9289
6.9287
6.9290
6.9295
6.9295
6.9298
6.9296
6.9297
6.9293
6.9294
6.9298
6.9301
6.9302
6.9302
6.9311
6.9312
6.9316
6.9320
6.9319
6.9320
6.9318
6.9322
6.9326
6.9331
6.9335
6.9335
6.9333
6.9332
6.9334
6.9339
6.9343
6.9344
6.9343
6.9346
6.9344
6.9341
6.9339
6.9339
6.9337
6.9342
6.9342
6.9340
6.9340
6.9338
6.9336
6.9337
6.9339
6.9342
6.9343
6.9344
6.9345
6.9345
6.9348
6.9348
6.9346
6.9350
6.9347
6.9347
6.9349
6.9351
6.9352
6.9357
6.9360
6.9358
6.9360
6.9361
6.9359
6.9358
6.9359
6.9362
6.9356
6.9360
6.9359
6.9360
6.9359
6.9357
6.9359
6.9362
6.9362
6.9364
6.9367
6.9364
