
6.9406
6.8957
6.9509
6.9720
6.9686
6.9635
6.9650
6.9668
6.9633
6.9547
6.9604
6.9648
6.9687
6.9652
6.9645
6.9653
6.9633
6.9683
6.9662
6.9630
6.9597
6.9631
6.9642
6.9633
6.9675
6.9649
6.9667
6.9672
6.9704
6.9729
6.9745
6.9768
6.9755
6.9732
6.9711
6.9670
6.9690
6.9702
6.9699
6.9694
6.9698
6.9718
6.9713
6.9710
6.9701
6.9711
6.9710
6.9718
6.9711
6.9707
6.9714
6.9704
6.9697
6.9719
6.9715
6.9706
6.9708
6.9714
6.9724
6.9724
6.9713
6.9720
6.9704
6.9691
6.9688
6.9699
6.9724
6.9706
6.9713
6.9719
6.9720
6.9712
6.9723
6.9732
6.9745
6.9738
6.9741
6.9737
6.9753
6.9751
6.9764
6.9770
6.9771
6.9763
6.9776
6.9765
6.9778
6.9778
6.9780
6.9771
6.9780
6.9781
6.9784
6.9785
6.9796
6.9794
6.9786
6.9789
6.9792
6.9794
6.9789
6.9783
6.9786
6.9781
6.9781
6.9783
6.9793
6.9794
6.9809
6.9806
6.9807
6.9810
6.9813
6.9809
6.9809
6.9808
6.9819
6.9824
6.9825
6.9822
6.9827
6.9830
6.9832
6.9844
6.9842
6.9840
6.9844
6.9841
6.9843
6.9958
7.0607
7.0760
7.0746
7.0742
7.0725
7.0717
7.0714
7.0715
7.0706
7.0696
7.0689
7.0680
7.0673
7.0667
7.0660
7.0648
7.0636
7.0632
7.0633
7.0626
7.0617
7.0619
7.0616
7.0611
7.0605
7.0605
7.0606
7.0601
7.0601
7.0597
7.0601
7.0600
7.0594
7.0589
7.0590
7.0581
7.0576
7.0574
7.0572
7.0560
7.0560
7.0555
7.0551
7.0551
7.0541
7.0536
7.0528
7.0525
7.0526
7.0516
7.0514
7.0510
7.0511
7.0504
7.0498
7.0496
7.0483
7.0487
7.0477
7.0466
7.0464
7.0459
7.0451
7.0448
7.0449
7.0448
7.0447
7.0445
7.0437
7.0432
