
7.1004
7.0741
7.0568
7.0464
7.0183
7.0155
7.0161
7.0184
7.0119
7.0228
7.0219
7.0158
7.0170
7.0151
7.0231
7.0285
7.0289
7.0244
7.0229
7.0198
7.0253
7.0287
7.0296
7.0348
7.0394
7.0326
7.0277
7.0267
7.0254
7.0258
7.0286
7.0295
7.0293
7.0239
7.0241
7.0252
7.0268
7.0287
7.0282
7.0253
7.0250
7.0233
7.0241
7.0230
7.0208
7.0200
7.0220
7.0222
7.0243
7.0239
7.0236
7.0223
7.0228
7.0223
7.0220
7.0229
7.0233
7.0230
7.0220
7.0228
7.0219
7.0207
7.0203
7.0197
7.0206
7.0197
7.0196
7.0196
7.0176
7.0177
7.0175
7.0158
7.0155
7.0157
7.0155
7.0144
7.0156
7.0144
7.0143
7.0145
7.0156
7.0139
7.0138
7.0136
7.0127
7.0119
7.0120
7.0119
7.0116
7.0117
7.0119
7.0123
7.0117
7.0129
7.0121
7.0105
7.0117
7.0108
7.0108
7.0104
7.0097
7.0110
7.0114
7.0119
7.0112
7.0119
7.0115
7.0105
7.0105
7.0102
7.0102
7.0103
7.0099
7.0101
7.0094
7.0092
7.0093
7.0081
7.0090
7.0088
7.0091
7.0079
7.0083
7.0084
7.0086
7.0090
7.0091
7.0096
7.0107
7.0106
7.0095
7.0084
7.0082
7.0079
7.0080
7.0079
7.0071
7.0078
7.0078
7.0083
7.0090
7.0084
7.0083
7.0078
7.0089
7.0092
7.0087
7.0088
7.0094
7.0092
7.0089
7.0094
7.0090
7.0092
7.0086
7.0081
7.0085
7.0087
7.0090
7.0085
7.0085
7.0082
7.0086
7.0092
7.0093
7.0095
7.0103
7.0106
7.0110
7.0110
7.0113
7.0118
7.0113
7.0115
7.0118
7.0122
7.0117
7.0111
7.0119
7.0118
7.0112
7.0112
7.0113
7.0117
7.0120
7.0610
7.1094
7.1573
7.2047
7.2517
7.2981
7.3440
7.3895
7.4345
7.4790
7.5231
7.5667
7.6099
7.6527
7.6950
