
6.9714
6.9801
6.9484
6.9535
6.9494
6.9382
6.9308
6.9309
6.9274
6.9314
6.9297
6.9266
6.9225
6.9269
6.9319
6.9245
6.9250
6.9296
6.9342
6.9380
6.9401
6.9396
6.9408
6.9408
6.9414
6.9420
6.9420
6.9443
6.9450
6.9461
6.9465
6.9463
6.9476
6.9471
6.9449
6.9455
6.9457
6.9468
6.9484
6.9484
6.9497
6.9480
6.9491
6.9478
6.9478
6.9493
6.9496
6.9510
6.9504
6.9500
6.9495
6.9494
6.9495
6.9501
6.9496
6.9495
6.9504
6.9506
6.9501
6.9485
6.9476
6.9473
6.9479
6.9477
6.9483
6.9494
6.9496
6.9497
6.9504
6.9494
6.9498
6.9496
6.9499
6.9493
6.9492
6.9497
6.9539
6.9544
6.9590
6.9763
6.9935
6.9930
6.9930
6.9926
6.9923
6.9919
6.9915
6.9899
6.9900
6.9888
6.9884
6.9886
6.9881
6.9882
6.9883
6.9868
6.9870
6.9862
6.9853
6.9847
6.9832
6.9828
6.9826
6.9831
6.9819
6.9815
6.9818
6.9813
6.9808
6.9802
6.9801
6.9802
6.9801
6.9804
6.9802
6.9817
6.9809
6.9810
6.9808
6.9807
6.9798
6.9799
6.9799
6.9793
6.9789
6.9778
6.9777
6.9776
6.9775
6.9777
6.9777
6.9773
6.9766
6.9771
6.9767
6.9765
6.9762
6.9760
6.9761
6.9764
6.9758
6.9760
6.9751
6.9754
6.9755
6.9749
6.9743
6.9742
6.9745
6.9747
6.9742
6.9739
6.9741
6.9742
6.9748
6.9750
6.9753
6.9753
6.9747
6.9744
6.9742
6.9746
6.9751
6.9754
6.9753
6.9751
6.9759
6.9760
6.9765
6.9766
6.9758
6.9753
6.9749
6.9755
6.9755
6.9759
6.9757
6.9760
6.9763
6.9763
6.9754
6.9755
6.9750
6.9746
6.9741
6.9741
6.9741
6.9737
6.9737
6.9736
6.9736
6.9738
6.9738
6.9739
6.9744
6.9741
6.9742
6.9748
6.9749
6.9748
