7.6155
7.7421
7.7405
7.6067
7.6684
7.6305
7.5811
7.5095
7.5443
7.5736
7.5765
7.5794
7.5959
7.5947
7.6039
7.5929
7.6129
7.6287
7.6195
7.6189
7.6125
7.6140
7.6129
7.6164
7.5973
7.5990
7.5921
7.5926
7.5806
7.5743
7.5703
7.5570
7.5562
7.5545
7.5452
7.5473
7.5493
7.5512
7.5523
7.5586
7.5613
7.5618
7.5558
7.5553
7.5529
7.5494
7.5526
7.5491
7.5432
7.5413
7.5335
7.5325
7.5325
7.5296
7.5348
7.5301
7.5303
7.5286
7.5272
7.5168
7.5131
7.5132
7.5076
7.5030
7.4985
7.4939
7.4948
7.4964
7.4950
7.4974
7.4898
7.4849
7.4839
7.4763
7.4772
7.4768
7.4698
7.4686
7.4656
7.4624
7.4589
7.4573
7.4553
7.4532
7.4557
7.4508
7.4507
7.4518
7.4507
7.4499
7.4470
7.4437
7.4411
7.4373
7.4357
7.4341
7.4340
7.4339
7.4322
7.4296
7.1851
7.2367
7.3166
7.3238
7.2639
7.2281
7.2447
7.2413
7.2390
7.2116
7.2140
7.2229
7.2393
7.2353
7.2417
7.2344
7.2318
7.2414
7.2413
7.2497
7.2426
7.2369
7.2253
7.2180
7.2194
7.2171
7.2209
7.2040
7.2067
7.2120
7.2192
7.2194
7.2228
7.2130
7.2097
7.2079
7.2062
7.2123
7.2043
7.2041
7.2004
7.2008
7.2004
7.1937
7.1927
7.1906
7.1876
7.1824
7.1809
7.1802
7.1778
7.1771
7.1783
7.1814
7.1818
7.1805
7.1828
7.1806
7.1811
7.1801
7.1772
7.1759
7.1768
7.1713
7.1685
7.1690
7.1672
7.1642
7.1650
7.1626
7.1607
7.1577
7.1603
7.1579
7.1565
7.1550
7.1526
7.1490
7.1486
7.1507
7.1504
7.1473
7.1473
7.1460
7.1474
7.1434
7.1422
7.1435
7.1401
7.1383
7.1372
7.1357
7.1367
7.1393
7.1383
7.1372
7.1360
7.1341
7.1336
7.1334
7.1515
7.0800
7.0380
6.9647
6.9661
6.9904
7.0324
7.0736
7.0823
7.0603
7.0618
7.0677
7.0712
7.0712
7.0714
7.0635
7.0514
7.0443
7.0386
7.0348
7.0343
7.0373
7.0358
7.0413
7.0385
7.0425
7.0421
7.0386
7.0374
7.0344
7.0406
7.0403
7.0437
7.0447
7.0457
7.0441
7.0452
7.0464
7.0468
7.0483
7.0515
7.0499
7.0465
7.0502
7.0495
7.0521
7.0520
7.0507
7.0483
7.0504
7.0489
7.0503
7.0519
7.0524
7.0575
7.0546
7.0542
7.0525
7.0510
7.0494
7.0466
7.0482
7.0436
7.0421
7.0437
7.0442
7.0434
7.0419
7.0433
7.0391
7.0380
7.0378
7.0354
7.0371
7.0373
7.0352
7.0361
7.0366
7.0356
7.0367
7.0389
7.0386
7.0380
7.0408
7.0413
7.0404
7.0430
7.0426
7.0421
7.0415
7.0420
7.0423
7.0405
7.0427
7.0446
7.0464
7.0460
7.0473
7.0504
7.0498
7.1567
7.1856
7.1780
7.1961
7.1630
7.1677
7.1591
7.1390
7.1332
7.1489
7.1488
7.1422
7.1195
7.1025
7.0946
7.0979
7.0947
7.1002
7.1058
7.1155
7.1258
7.1221
7.1196
7.1148
7.1121
7.1053
7.1085
7.1094
7.1070
7.1060
7.1012
7.1007
7.1012
7.1021
7.0980
7.0951
7.0990
7.1003
7.0969
7.0997
7.0975
7.0933
7.0968
7.1010
7.0980
7.0997
7.1011
7.0984
7.0980
7.0945
7.0954
7.0971
7.0976
7.0928
7.0919
7.0886
7.0869
7.0863
7.0859
7.0836
7.0840
7.0851
7.0802
7.0816
7.0822
7.0842
7.0878
7.0872
7.0884
7.0869
7.0882
7.0864
7.0859
7.0837
7.0803
7.0809
7.0834
7.0846
7.0844
7.0845
7.0834
7.0807
7.0823
7.0819
7.0842
7.0844
7.0854
7.0852
7.0858
7.0847
7.0856
7.0879
7.0872
7.0851
7.0860
7.0837
7.0847
7.0808
7.0812
7.0835
7.3531
7.1390
7.1042
7.1110
7.1030
7.1485
7.1161
7.0902
7.0977
7.1294
7.1194
7.1072
7.1378
7.1577
7.1651
7.1407
7.1473
7.1453
7.1543
7.1655
7.1653
7.1663
7.1619
7.1665
7.1727
7.1805
7.1766
7.1792
7.1866
7.1939
7.1859
7.1870
7.1878
7.1884
7.1904
7.1880
7.1910
7.1980
7.1963
7.1964
7.1916
7.1955
7.1915
7.1884
7.1824
7.1807
7.1802
7.1827
7.1825
7.1801
7.1757
7.1788
7.1717
7.1687
7.1660
7.1626
7.1603
7.1578
7.1571
7.1564
7.1535
7.1504
7.1513
7.1533
7.1511
7.1451
7.1458
7.1488
7.1499
7.1533
7.1494
7.1543
7.1554
7.1551
7.1559
7.1576
7.1575
7.1621
7.1614
7.1603
7.1631
7.1602
7.1609
7.1604
7.1607
7.1644
7.1593
7.1571
7.1545
7.1529
7.1513
7.1486
7.1506
7.1488
7.1456
7.1470
7.1434
7.1430
7.1451
7.1430
7.0679
7.1059
7.1139
7.0459
7.0650
7.0419
7.0533
7.0399
7.0405
7.0372
7.0607
7.0621
7.0879
7.0806
7.0970
7.1133
7.1062
7.1056
7.1048
7.1019
7.1018
7.1032
7.1180
7.1287
7.1384
7.1559
7.1547
7.1536
7.1509
7.1510
7.1514
7.1554
7.1487
7.1556
7.1524
7.1590
7.1561
7.1498
7.1582
7.1572
7.1568
7.1576
7.1602
7.1632
7.1666
7.1737
7.1737
7.1755
7.1789
7.1850
7.1875
7.1871
7.1899
7.1946
7.2000
7.2029
7.2048
7.2081
7.2072
7.2078
7.2089
7.2139
7.2137
7.2147
7.2155
7.2144
7.2099
7.2093
7.2107
7.2093
7.2107
7.2053
7.2055
7.2041
7.2052
7.2067
7.2021
7.1995
7.2011
7.2008
7.2021
7.2023
7.1966
7.1977
7.2008
7.2062
7.2077
7.2081
7.2094
7.2083
7.2088
7.2110
7.2084
7.2080
7.2087
7.2081
7.2063
7.2057
7.2078
7.2065
7.5071
7.4491
7.3942
7.3675
7.3302
7.3514
7.3139
7.2860
7.2476
7.2414
7.2482
7.2504
7.2518
7.2461
7.2376
7.2271
7.2161
7.2211
7.2053
7.2168
7.1959
7.1868
7.1896
7.2036
7.1927
7.1865
7.1884
7.1970
7.1967
7.1948
7.2067
7.2040
7.2062
7.2096
7.2180
7.2218
7.2158
7.2127
7.2143
7.2139
7.2194
7.2221
7.2294
7.2330
7.2358
7.2440
7.2543
7.2558
7.2566
7.2575
7.2471
7.2417
7.2426
7.2482
7.2481
7.2456
7.2450
7.2420
7.2421
7.2360
7.2355
7.2382
7.2389
7.2459
7.2466
7.2485
7.2428
7.2473
7.2576
7.2586
7.2600
7.2642
7.2698
7.2694
7.2688
7.2653
7.2665
7.2675
7.2650
7.2658
7.2642
7.2618
7.2638
7.2625
7.2606
7.2601
7.2591
7.2580
7.2564
7.2563
7.2558
7.2581
7.2605
7.2622
7.2634
7.2674
7.2690
7.2725
7.2728
7.2727
7.3165
7.4234
7.3912
7.3517
7.3352
7.3681
7.3260
7.2919
7.3004
7.2976
7.3054
7.3090
7.3132
7.2805
7.3104
7.3206
7.3321
7.3334
7.3349
7.3396
7.3388
7.3266
7.3177
7.3059
7.3158
7.3113
7.2893
7.2844
7.2779
7.2677
7.2709
7.2657
7.2645
7.2673
7.2635
7.2707
7.2779
7.2682
7.2742
7.2816
7.2906
7.2834
7.2867
7.2899
7.2843
7.2943
7.2984
7.3059
7.3000
7.3029
7.3106
7.3100
7.3123
7.3119
7.3109
7.3193
7.3219
7.3213
7.3227
7.3266
7.3292
7.3293
7.3299
7.3273
7.3248
7.3238
7.3265
7.3256
7.3275
7.3303
7.3312
7.3350
7.3359
7.3356
7.3368
7.3339
7.3291
7.3294
7.3328
7.3348
7.3353
7.3337
7.3353
7.3376
7.3360
7.3343
7.3347
7.3358
7.3327
7.3330
7.3371
7.3405
7.3362
7.3422
7.3430
7.3449
7.3411
7.3395
7.3386
7.3341
7.3568
7.4011
7.4000
7.4154
7.4197
7.4030
7.3672
7.3378
7.3514
7.3538
7.3718
7.3396
7.3271
7.3270
7.3636
7.3639
7.3689
7.3628
7.3600
7.3568
7.3746
7.3695
7.3775
7.3829
7.3989
7.3784
7.4007
7.3925
7.3960
7.3987
7.3911
7.3883
7.3890
7.4031
7.3991
7.3994
7.4117
7.4227
7.4230
7.4239
7.4276
7.4333
7.4359
7.4333
7.4290
7.4347
7.4321
7.4328
7.4317
7.4303
7.4227
7.4266
7.4234
7.4210
7.4231
7.4269
7.4183
7.4251
7.4350
7.4303
7.4408
7.4381
7.4345
7.4381
7.4344
7.4303
7.4289
7.4259
7.4209
7.4210
7.4234
7.4253
7.4186
7.4233
7.4234
7.4229
7.4225
7.4223
7.4221
7.4153
7.4134
7.4104
7.4128
7.4127
7.4176
7.4197
7.4185
7.4182
7.4160
7.4133
7.4109
7.4097
7.4154
7.4181
7.4195
7.4221
7.4223
7.4237
7.4209
7.4162
7.4930
7.6982
7.7089
7.5570
7.5178
7.4158
7.3807
7.3806
7.3905
7.4238
7.4626
7.4373
7.4257
7.4236
7.3984
7.4093
7.4203
7.4257
7.4192
7.4264
7.4288
7.4472
7.4356
7.4402
7.4390
7.4461
7.4319
7.4259
7.4220
7.4154
7.4159
7.4054
7.4184
7.4124
7.4145
7.4157
7.4123
7.4112
7.4040
7.4035
7.3964
7.3993
7.3973
7.3941
7.3893
7.3837
7.3782
7.3764
7.3731
7.3690
7.3731
7.3681
7.3714
7.3822
7.3841
7.3828
7.3878
7.3962
7.3986
7.3944
7.3904
7.3830
7.3901
7.3904
7.3844
7.3863
7.3887
7.3936
7.3930
7.3988
7.4037
7.4059
7.4025
7.4053
7.4044
7.4070
7.4088
7.4083
7.4067
7.4047
7.4045
7.4040
7.4013
7.4011
7.4022
7.4017
7.3985
7.4024
7.4043
7.4050
7.4027
7.4015
7.4056
7.4050
7.4003
7.3984
7.3988
7.4002
7.3992
7.3981
