
7.1515
7.0800
7.0380
6.9647
6.9661
6.9904
7.0324
7.0736
7.0823
7.0603
7.0618
7.0677
7.0712
7.0712
7.0714
7.0635
7.0514
7.0443
7.0386
7.0348
7.0343
7.0373
7.0358
7.0413
7.0385
7.0425
7.0421
7.0386
7.0374
7.0344
7.0406
7.0403
7.0437
7.0447
7.0457
7.0441
7.0452
7.0464
7.0468
7.0483
7.0515
7.0499
7.0465
7.0502
7.0495
7.0521
7.0520
7.0507
7.0483
7.0504
7.0489
7.0503
7.0519
7.0524
7.0575
7.0546
7.0542
7.0525
7.0510
7.0494
7.0466
7.0482
7.0436
7.0421
7.0437
7.0442
7.0434
7.0419
7.0433
7.0391
7.0380
7.0378
7.0354
7.0371
7.0373
7.0352
7.0361
7.0366
7.0356
7.0367
7.0389
7.0386
7.0380
7.0408
7.0413
7.0404
7.0430
7.0426
7.0421
7.0415
7.0420
7.0423
7.0405
7.0427
7.0446
7.0464
7.0460
7.0473
7.0504
7.0498
