
7.0679
7.1059
7.1139
7.0459
7.0650
7.0419
7.0533
7.0399
7.0405
7.0372
7.0607
7.0621
7.0879
7.0806
7.0970
7.1133
7.1062
7.1056
7.1048
7.1019
7.1018
7.1032
7.1180
7.1287
7.1384
7.1559
7.1547
7.1536
7.1509
7.1510
7.1514
7.1554
7.1487
7.1556
7.1524
7.1590
7.1561
7.1498
7.1582
7.1572
7.1568
7.1576
7.1602
7.1632
7.1666
7.1737
7.1737
7.1755
7.1789
7.1850
7.1875
7.1871
7.1899
7.1946
7.2000
7.2029
7.2048
7.2081
7.2072
7.2078
7.2089
7.2139
7.2137
7.2147
7.2155
7.2144
7.2099
7.2093
7.2107
7.2093
7.2107
7.2053
7.2055
7.2041
7.2052
7.2067
7.2021
7.1995
7.2011
7.2008
7.2021
7.2023
7.1966
7.1977
7.2008
7.2062
7.2077
7.2081
7.2094
7.2083
7.2088
7.2110
7.2084
7.2080
7.2087
7.2081
7.2063
7.2057
7.2078
7.2065
