
7.1851
7.2367
7.3166
7.3238
7.2639
7.2281
7.2447
7.2413
7.2390
7.2116
7.2140
7.2229
7.2393
7.2353
7.2417
7.2344
7.2318
7.2414
7.2413
7.2497
7.2426
7.2369
7.2253
7.2180
7.2194
7.2171
7.2209
7.2040
7.2067
7.2120
7.2192
7.2194
7.2228
7.2130
7.2097
7.2079
7.2062
7.2123
7.2043
7.2041
7.2004
7.2008
7.2004
7.1937
7.1927
7.1906
7.1876
7.1824
7.1809
7.1802
7.1778
7.1771
7.1783
7.1814
7.1818
7.1805
7.1828
7.1806
7.1811
7.1801
7.1772
7.1759
7.1768
7.1713
7.1685
7.1690
7.1672
7.1642
7.1650
7.1626
7.1607
7.1577
7.1603
7.1579
7.1565
7.1550
7.1526
7.1490
7.1486
7.1507
7.1504
7.1473
7.1473
7.1460
7.1474
7.1434
7.1422
7.1435
7.1401
7.1383
7.1372
7.1357
7.1367
7.1393
7.1383
7.1372
7.1360
7.1341
7.1336
7.1334
