
7.3165
7.4234
7.3912
7.3517
7.3352
7.3681
7.3260
7.2919
7.3004
7.2976
7.3054
7.3090
7.3132
7.2805
7.3104
7.3206
7.3321
7.3334
7.3349
7.3396
7.3388
7.3266
7.3177
7.3059
7.3158
7.3113
7.2893
7.2844
7.2779
7.2677
7.2709
7.2657
7.2645
7.2673
7.2635
7.2707
7.2779
7.2682
7.2742
7.2816
7.2906
7.2834
7.2867
7.2899
7.2843
7.2943
7.2984
7.3059
7.3000
7.3029
7.3106
7.3100
7.3123
7.3119
7.3109
7.3193
7.3219
7.3213
7.3227
7.3266
7.3292
7.3293
7.3299
7.3273
7.3248
7.3238
7.3265
7.3256
7.3275
7.3303
7.3312
7.3350
7.3359
7.3356
7.3368
7.3339
7.3291
7.3294
7.3328
7.3348
7.3353
7.3337
7.3353
7.3376
7.3360
7.3343
7.3347
7.3358
7.3327
7.3330
7.3371
7.3405
7.3362
7.3422
7.3430
7.3449
7.3411
7.3395
7.3386
7.3341
