
7.5071
7.4491
7.3942
7.3675
7.3302
7.3514
7.3139
7.2860
7.2476
7.2414
7.2482
7.2504
7.2518
7.2461
7.2376
7.2271
7.2161
7.2211
7.2053
7.2168
7.1959
7.1868
7.1896
7.2036
7.1927
7.1865
7.1884
7.1970
7.1967
7.1948
7.2067
7.2040
7.2062
7.2096
7.2180
7.2218
7.2158
7.2127
7.2143
7.2139
7.2194
7.2221
7.2294
7.2330
7.2358
7.2440
7.2543
7.2558
7.2566
7.2575
7.2471
7.2417
7.2426
7.2482
7.2481
7.2456
7.2450
7.2420
7.2421
7.2360
7.2355
7.2382
7.2389
7.2459
7.2466
7.2485
7.2428
7.2473
7.2576
7.2586
7.2600
7.2642
7.2698
7.2694
7.2688
7.2653
7.2665
7.2675
7.2650
7.2658
7.2642
7.2618
7.2638
7.2625
7.2606
7.2601
7.2591
7.2580
7.2564
7.2563
7.2558
7.2581
7.2605
7.2622
7.2634
7.2674
7.2690
7.2725
7.2728
7.2727
