
7.3531
7.1390
7.1042
7.1110
7.1030
7.1485
7.1161
7.0902
7.0977
7.1294
7.1194
7.1072
7.1378
7.1577
7.1651
7.1407
7.1473
7.1453
7.1543
7.1655
7.1653
7.1663
7.1619
7.1665
7.1727
7.1805
7.1766
7.1792
7.1866
7.1939
7.1859
7.1870
7.1878
7.1884
7.1904
7.1880
7.1910
7.1980
7.1963
7.1964
7.1916
7.1955
7.1915
7.1884
7.1824
7.1807
7.1802
7.1827
7.1825
7.1801
7.1757
7.1788
7.1717
7.1687
7.1660
7.1626
7.1603
7.1578
7.1571
7.1564
7.1535
7.1504
7.1513
7.1533
7.1511
7.1451
7.1458
7.1488
7.1499
7.1533
7.1494
7.1543
7.1554
7.1551
7.1559
7.1576
7.1575
7.1621
7.1614
7.1603
7.1631
7.1602
7.1609
7.1604
7.1607
7.1644
7.1593
7.1571
7.1545
7.1529
7.1513
7.1486
7.1506
7.1488
7.1456
7.1470
7.1434
7.1430
7.1451
7.1430
