
7.6155
7.7421
7.7405
7.6067
7.6684
7.6305
7.5811
7.5095
7.5443
7.5736
7.5765
7.5794
7.5959
7.5947
7.6039
7.5929
7.6129
7.6287
7.6195
7.6189
7.6125
7.6140
7.6129
7.6164
7.5973
7.5990
7.5921
7.5926
7.5806
7.5743
7.5703
7.5570
7.5562
7.5545
7.5452
7.5473
7.5493
7.5512
7.5523
7.5586
7.5613
7.5618
7.5558
7.5553
7.5529
7.5494
7.5526
7.5491
7.5432
7.5413
7.5335
7.5325
7.5325
7.5296
7.5348
7.5301
7.5303
7.5286
7.5272
7.5168
7.5131
7.5132
7.5076
7.5030
7.4985
7.4939
7.4948
7.4964
7.4950
7.4974
7.4898
7.4849
7.4839
7.4763
7.4772
7.4768
7.4698
7.4686
7.4656
7.4624
7.4589
7.4573
7.4553
7.4532
7.4557
7.4508
7.4507
7.4518
7.4507
7.4499
7.4470
7.4437
7.4411
7.4373
7.4357
7.4341
7.4340
7.4339
7.4322
7.4296
