
7.3568
7.4011
7.4000
7.4154
7.4197
7.4030
7.3672
7.3378
7.3514
7.3538
7.3718
7.3396
7.3271
7.3270
7.3636
7.3639
7.3689
7.3628
7.3600
7.3568
7.3746
7.3695
7.3775
7.3829
7.3989
7.3784
7.4007
7.3925
7.3960
7.3987
7.3911
7.3883
7.3890
7.4031
7.3991
7.3994
7.4117
7.4227
7.4230
7.4239
7.4276
7.4333
7.4359
7.4333
7.4290
7.4347
7.4321
7.4328
7.4317
7.4303
7.4227
7.4266
7.4234
7.4210
7.4231
7.4269
7.4183
7.4251
7.4350
7.4303
7.4408
7.4381
7.4345
7.4381
7.4344
7.4303
7.4289
7.4259
7.4209
7.4210
7.4234
7.4253
7.4186
7.4233
7.4234
7.4229
7.4225
7.4223
7.4221
7.4153
7.4134
7.4104
7.4128
7.4127
7.4176
7.4197
7.4185
7.4182
7.4160
7.4133
7.4109
7.4097
7.4154
7.4181
7.4195
7.4221
7.4223
7.4237
7.4209
7.4162
