
7.1567
7.1856
7.1780
7.1961
7.1630
7.1677
7.1591
7.1390
7.1332
7.1489
7.1488
7.1422
7.1195
7.1025
7.0946
7.0979
7.0947
7.1002
7.1058
7.1155
7.1258
7.1221
7.1196
7.1148
7.1121
7.1053
7.1085
7.1094
7.1070
7.1060
7.1012
7.1007
7.1012
7.1021
7.0980
7.0951
7.0990
7.1003
7.0969
7.0997
7.0975
7.0933
7.0968
7.1010
7.0980
7.0997
7.1011
7.0984
7.0980
7.0945
7.0954
7.0971
7.0976
7.0928
7.0919
7.0886
7.0869
7.0863
7.0859
7.0836
7.0840
7.0851
7.0802
7.0816
7.0822
7.0842
7.0878
7.0872
7.0884
7.0869
7.0882
7.0864
7.0859
7.0837
7.0803
7.0809
7.0834
7.0846
7.0844
7.0845
7.0834
7.0807
7.0823
7.0819
7.0842
7.0844
7.0854
7.0852
7.0858
7.0847
7.0856
7.0879
7.0872
7.0851
7.0860
7.0837
7.0847
7.0808
7.0812
7.0835
