
7.4930
7.6982
7.7089
7.5570
7.5178
7.4158
7.3807
7.3806
7.3905
7.4238
7.4626
7.4373
7.4257
7.4236
7.3984
7.4093
7.4203
7.4257
7.4192
7.4264
7.4288
7.4472
7.4356
7.4402
7.4390
7.4461
7.4319
7.4259
7.4220
7.4154
7.4159
7.4054
7.4184
7.4124
7.4145
7.4157
7.4123
7.4112
7.4040
7.4035
7.3964
7.3993
7.3973
7.3941
7.3893
7.3837
7.3782
7.3764
7.3731
7.3690
7.3731
7.3681
7.3714
7.3822
7.3841
7.3828
7.3878
7.3962
7.3986
7.3944
7.3904
7.3830
7.3901
7.3904
7.3844
7.3863
7.3887
7.3936
7.3930
7.3988
7.4037
7.4059
7.4025
7.4053
7.4044
7.4070
7.4088
7.4083
7.4067
7.4047
7.4045
7.4040
7.4013
7.4011
7.4022
7.4017
7.3985
7.4024
7.4043
7.4050
7.4027
7.4015
7.4056
7.4050
7.4003
7.3984
7.3988
7.4002
7.3992
7.3981
