
10.4654
8.6947
8.1460
7.8409
7.6710
7.5566
7.4626
7.3955
7.3463
7.3008
7.2622
7.2373
7.2141
7.1959
7.1884
7.1757
7.1637
7.1514
7.1394
7.1312
7.1184
7.1085
7.1008
7.0945
7.0877
7.0814
7.0778
7.0722
7.0688
7.0644
7.0598
7.0558
7.0512
7.0481
7.0443
7.0414
7.0387
7.0353
7.0324
7.0293
7.0266
7.0255
7.0236
7.0214
7.0186
7.0158
7.0146
7.0132
7.0116
7.0100
7.0079
7.0069
7.0056
7.0054
7.0045
7.0025
7.0006
6.9993
6.9975
6.9967
6.9946
6.9935
6.9930
6.9922
6.9911
6.9905
6.9894
6.9880
6.9867
6.9859
6.9855
6.9853
6.9841
6.9829
6.9824
6.9815
6.9818
6.9816
6.9816
6.9812
6.9806
6.9796
6.9789
6.9785
6.9779
6.9777
6.9773
6.9766
6.9753
6.9749
6.9739
6.9738
6.9730
6.9725
6.9723
6.9718
6.9711
6.9707
6.9704
6.9701
6.9693
6.9686
6.9678
6.9676
6.9684
6.9680
6.9674
6.9668
6.9664
6.9658
6.9657
6.9657
6.9654
6.9648
6.9643
6.9643
6.9642
6.9640
6.9637
6.9633
6.9631
6.9631
6.9625
6.9625
6.9623
6.9620
6.9617
6.9617
6.9615
6.9613
6.9611
6.9609
6.9606
6.9605
6.9604
6.9600
6.9598
6.9593
6.9595
6.9592
6.9593
6.9594
6.9589
6.9588
6.9583
6.9582
6.9581
6.9576
6.9577
6.9576
6.9574
6.9571
6.9568
6.9563
6.9562
6.9559
6.9558
6.9552
6.9550
6.9552
6.9549
6.9546
6.9541
6.9542
6.9537
6.9544
6.9547
6.9548
6.9550
6.9550
6.9547
6.9545
6.9543
6.9541
6.9540
6.9537
6.9534
6.9533
6.9529
6.9533
6.9532
6.9530
6.9529
6.9528
6.9528
6.9529
6.9526
6.9525
6.9525
6.9523
6.9520
6.9518
6.9519
6.9518
6.9516
6.9513
6.9513
6.9512
6.9510
6.9507
