
6.9256
6.9523
6.9383
6.9371
6.9371
6.9311
6.9264
6.9263
6.9293
6.9284
6.9259
6.9276
6.9266
6.9258
6.9245
6.9249
6.9267
6.9266
6.9264
6.9281
6.9273
6.9264
6.9274
6.9264
6.9253
6.9451
7.0301
7.0327
7.0284
7.0258
7.0230
7.0203
7.0167
7.0128
7.0094
7.0063
7.0045
7.0032
7.0025
7.0010
6.9985
6.9964
6.9936
6.9924
6.9910
6.9897
6.9889
6.9871
6.9853
6.9836
6.9821
6.9806
6.9792
6.9785
6.9768
6.9753
6.9745
6.9731
6.9721
6.9712
6.9698
6.9695
6.9688
6.9683
6.9676
6.9667
6.9663
6.9650
6.9647
6.9637
6.9634
6.9625
6.9613
6.9612
6.9610
6.9606
6.9600
6.9596
6.9592
6.9586
6.9583
6.9581
6.9577
6.9572
6.9562
6.9554
6.9550
6.9545
6.9542
6.9539
6.9533
6.9533
6.9525
6.9518
6.9513
6.9506
6.9505
6.9504
6.9499
6.9497
6.9493
6.9492
6.9492
6.9490
6.9489
6.9488
6.9483
6.9481
6.9478
6.9478
6.9476
6.9473
6.9469
6.9467
6.9464
6.9464
6.9459
6.9458
6.9459
6.9461
6.9461
6.9458
6.9455
6.9456
6.9453
6.9452
6.9449
6.9448
6.9443
6.9437
6.9435
6.9435
6.9435
6.9434
6.9436
6.9434
6.9431
6.9429
6.9427
6.9424
6.9425
6.9422
6.9419
6.9416
6.9416
6.9417
6.9414
6.9416
6.9417
6.9418
6.9419
6.9419
6.9418
6.9420
6.9420
6.9421
6.9423
6.9421
6.9418
6.9417
6.9416
6.9415
6.9414
6.9412
6.9411
6.9409
6.9408
6.9406
6.9408
6.9409
6.9407
6.9405
6.9407
6.9408
6.9405
6.9404
6.9403
6.9401
6.9402
6.9399
6.9401
6.9400
6.9399
6.9397
6.9397
6.9398
6.9399
6.9397
6.9394
6.9394
6.9392
6.9390
6.9391
6.9388
6.9389
6.9389
6.9390
6.9389
6.9388
6.9388
