
6.9254
6.9393
6.9510
6.9581
6.9562
6.9511
6.9454
6.9510
6.9513
6.9507
6.9499
6.9480
6.9466
6.9420
6.9432
6.9418
6.9403
6.9414
6.9406
6.9401
6.9398
6.9409
6.9398
6.9387
6.9371
6.9353
6.9339
6.9325
6.9321
6.9323
6.9308
6.9313
6.9301
6.9294
6.9288
6.9286
6.9286
6.9287
6.9288
6.9280
6.9295
6.9293
6.9287
6.9277
6.9272
6.9271
6.9278
6.9277
6.9285
6.9293
6.9300
6.9314
6.9315
6.9317
6.9316
6.9319
6.9317
6.9311
6.9313
6.9308
6.9302
6.9303
6.9303
6.9300
6.9295
6.9292
6.9296
6.9300
6.9300
6.9304
6.9302
6.9294
6.9296
6.9292
6.9287
6.9294
6.9291
6.9289
6.9294
6.9295
6.9289
6.9293
6.9301
6.9295
6.9292
6.9284
6.9285
6.9285
6.9284
6.9291
6.9293
6.9296
6.9300
6.9297
6.9294
6.9298
6.9296
6.9297
6.9298
6.9302
6.9305
6.9305
6.9307
6.9303
6.9303
6.9304
6.9303
6.9302
6.9302
6.9301
6.9304
6.9303
6.9304
6.9307
6.9300
6.9304
6.9298
6.9299
6.9304
6.9307
6.9307
6.9305
6.9303
6.9302
6.9299
6.9295
6.9290
6.9292
6.9294
6.9296
6.9296
6.9295
6.9293
6.9296
6.9295
6.9295
6.9291
6.9293
6.9292
6.9292
6.9293
6.9290
6.9286
6.9286
6.9288
6.9287
6.9288
6.9288
6.9292
6.9294
6.9292
6.9289
6.9292
6.9291
6.9291
6.9289
6.9288
6.9287
6.9289
6.9287
6.9289
6.9287
6.9287
6.9290
6.9291
6.9289
6.9290
6.9290
6.9288
6.9290
6.9292
6.9294
6.9293
6.9291
6.9292
6.9292
6.9291
6.9294
6.9294
6.9293
6.9293
6.9295
6.9297
6.9298
6.9298
6.9297
6.9299
6.9301
6.9302
6.9302
6.9304
6.9304
6.9305
6.9302
6.9300
6.9300
6.9300
6.9300
6.9300
6.9299
