
6.9027
6.9037
6.9028
6.9052
6.9105
6.9079
6.9077
6.9074
6.9086
6.9087
6.9066
6.9063
6.9087
6.9103
6.9106
6.9111
6.9109
6.9105
6.9105
6.9110
6.9106
6.9102
6.9101
6.9098
6.9098
6.9100
6.9106
6.9110
6.9106
6.9111
6.9114
6.9116
6.9113
6.9112
6.9112
6.9118
6.9119
6.9118
6.9119
6.9118
6.9116
6.9117
6.9110
6.9114
6.9115
6.9115
6.9113
6.9113
6.9113
6.9112
6.9114
6.9115
6.9114
6.9113
6.9111
6.9112
6.9112
6.9112
6.9117
6.9116
6.9114
6.9115
6.9117
6.9115
6.9117
6.9114
6.9117
6.9118
6.9119
6.9122
6.9121
6.9125
6.9123
6.9124
6.9123
6.9120
6.9120
6.9119
6.9120
6.9123
6.9125
6.9125
6.9125
6.9125
6.9125
6.9127
6.9124
6.9122
6.9120
6.9123
6.9125
6.9125
6.9124
6.9125
6.9126
6.9127
6.9128
6.9129
6.9131
6.9132
6.9131
6.9133
6.9134
6.9133
6.9130
6.9129
6.9130
6.9131
6.9132
6.9134
6.9133
6.9130
6.9131
6.9132
6.9130
6.9130
6.9131
6.9132
6.9133
6.9131
6.9131
6.9132
6.9131
6.9130
6.9129
6.9127
6.9129
6.9132
6.9132
6.9131
6.9131
6.9132
6.9133
6.9133
6.9132
6.9131
6.9132
6.9132
6.9133
6.9134
6.9134
6.9133
6.9132
6.9132
6.9131
6.9134
6.9134
6.9134
6.9135
6.9133
6.9133
6.9132
6.9133
6.9133
6.9132
6.9133
6.9134
6.9134
6.9133
6.9133
6.9135
6.9134
6.9134
6.9134
6.9136
6.9136
6.9135
6.9135
6.9135
6.9136
6.9137
6.9137
6.9138
6.9140
6.9139
6.9138
6.9138
6.9137
6.9135
6.9136
6.9136
6.9138
6.9138
6.9138
6.9139
6.9138
6.9137
6.9136
6.9135
6.9135
6.9136
6.9134
6.9134
6.9134
6.9135
6.9135
6.9134
6.9134
6.9134
6.9135
