
6.9029
6.9035
6.9158
6.9265
6.9124
6.9072
6.9119
6.9173
6.9216
6.9193
6.9209
6.9206
6.9220
6.9262
6.9281
6.9267
6.9265
6.9278
6.9303
6.9310
6.9319
6.9315
6.9309
6.9312
6.9305
6.9306
6.9302
6.9297
6.9297
6.9285
6.9293
6.9296
6.9315
6.9308
6.9311
6.9308
6.9305
6.9300
6.9293
6.9294
6.9292
6.9304
6.9293
6.9304
6.9301
6.9308
6.9315
6.9313
6.9307
6.9312
6.9305
6.9307
6.9305
6.9310
6.9307
6.9311
6.9303
6.9304
6.9305
6.9309
6.9308
6.9309
6.9309
6.9301
6.9300
6.9303
6.9312
6.9306
6.9307
6.9308
6.9303
6.9308
6.9305
6.9305
6.9306
6.9306
6.9309
6.9312
6.9321
6.9327
6.9325
6.9323
6.9321
6.9321
6.9320
6.9316
6.9319
6.9322
6.9319
6.9320
6.9320
6.9316
6.9320
6.9320
6.9316
6.9314
6.9313
6.9312
6.9306
6.9309
6.9305
6.9306
6.9304
6.9303
6.9304
6.9302
6.9304
6.9304
6.9299
6.9300
6.9299
6.9296
6.9296
6.9300
6.9298
6.9296
6.9294
6.9298
6.9297
6.9295
6.9293
6.9290
6.9289
6.9287
6.9289
6.9292
6.9298
6.9295
6.9293
6.9291
6.9288
6.9289
6.9293
6.9294
6.9293
6.9292
6.9292
6.9293
6.9294
6.9294
6.9294
6.9287
6.9288
6.9290
6.9293
6.9296
6.9296
6.9296
6.9296
6.9294
6.9296
6.9298
6.9299
6.9296
6.9293
6.9293
6.9296
6.9295
6.9297
6.9298
6.9299
6.9301
6.9301
6.9301
6.9300
6.9298
6.9299
6.9300
6.9297
6.9297
6.9297
6.9296
6.9295
6.9295
6.9296
6.9296
6.9295
6.9295
6.9295
6.9296
6.9297
6.9296
6.9296
6.9293
6.9290
6.9290
6.9290
6.9288
6.9290
6.9288
6.9288
6.9287
6.9289
6.9293
6.9290
6.9288
6.9288
6.9285
6.9285
6.9285
