
6.9200
6.9278
6.9313
6.9297
6.9312
6.9278
6.9295
6.9267
6.9247
6.9249
6.9229
6.9219
6.9214
6.9204
6.9208
6.9223
6.9231
6.9226
6.9220
6.9212
6.9209
6.9193
6.9188
6.9193
6.9202
6.9196
6.9213
6.9208
6.9203
6.9216
6.9211
6.9204
6.9203
6.9200
6.9202
6.9198
6.9193
6.9189
6.9184
6.9181
6.9183
6.9179
6.9170
6.9170
6.9174
6.9177
6.9172
6.9175
6.9177
6.9179
6.9173
6.9177
6.9181
6.9178
6.9181
6.9177
6.9174
6.9174
6.9166
6.9163
6.9162
6.9158
6.9154
6.9155
6.9155
6.9158
6.9158
6.9160
6.9164
6.9161
6.9162
6.9160
6.9161
6.9163
6.9163
6.9159
6.9159
6.9162
6.9157
6.9156
6.9157
6.9158
6.9160
6.9163
6.9164
6.9160
6.9160
6.9161
6.9158
6.9159
6.9162
6.9160
6.9163
6.9163
6.9161
6.9162
6.9165
6.9167
6.9166
6.9167
6.9167
6.9168
6.9169
6.9169
6.9169
6.9172
6.9170
6.9171
6.9173
6.9177
6.9175
6.9176
6.9174
6.9175
6.9176
6.9176
6.9175
6.9177
6.9178
6.9178
6.9179
6.9179
6.9177
6.9179
6.9181
6.9183
6.9183
6.9187
6.9185
6.9187
6.9186
6.9185
6.9186
6.9186
6.9183
6.9183
6.9183
6.9180
6.9180
6.9180
6.9179
6.9178
6.9177
6.9178
6.9178
6.9177
6.9177
6.9178
6.9177
6.9177
6.9175
6.9175
6.9174
6.9176
6.9175
6.9177
6.9177
6.9177
6.9179
6.9180
6.9181
6.9182
6.9183
6.9181
6.9182
6.9184
6.9184
6.9182
6.9181
6.9182
6.9180
6.9178
6.9177
6.9179
6.9177
6.9179
6.9180
6.9179
6.9178
6.9179
6.9177
6.9179
6.9179
6.9178
6.9180
6.9179
6.9181
6.9181
6.9181
6.9180
6.9178
6.9178
6.9178
6.9178
6.9178
6.9179
6.9178
6.9177
6.9177
6.9179
