
6.9293
6.9349
6.9145
6.9058
6.9104
6.9142
6.9136
6.9191
6.9124
6.9162
6.9171
6.9133
6.9129
6.9166
6.9131
6.9099
6.9068
6.9051
6.9054
6.9078
6.9108
6.9110
6.9133
6.9137
6.9171
6.9172
6.9177
6.9161
6.9176
6.9192
6.9188
6.9200
6.9206
6.9206
6.9197
6.9204
6.9214
6.9217
6.9214
6.9211
6.9186
6.9178
6.9182
6.9186
6.9177
6.9179
6.9177
6.9181
6.9186
6.9185
6.9192
6.9197
6.9202
6.9200
6.9194
6.9195
6.9191
6.9192
6.9206
6.9207
6.9207
6.9217
6.9214
6.9209
6.9221
6.9227
6.9229
6.9235
6.9230
6.9228
6.9229
6.9230
6.9231
6.9230
6.9233
6.9231
6.9235
6.9232
6.9235
6.9234
6.9231
6.9233
6.9240
6.9236
6.9236
6.9235
6.9235
6.9233
6.9235
6.9233
6.9239
6.9240
6.9239
6.9240
6.9240
6.9239
6.9245
6.9245
6.9242
6.9243
6.9241
6.9245
6.9244
6.9249
6.9252
6.9250
6.9252
6.9253
6.9257
6.9257
6.9258
6.9257
6.9260
6.9260
6.9263
6.9265
6.9265
6.9260
6.9260
6.9258
6.9257
6.9257
6.9253
6.9254
6.9250
6.9252
6.9253
6.9252
6.9246
6.9241
6.9240
6.9239
6.9245
6.9248
6.9245
6.9241
6.9239
6.9240
6.9243
6.9243
6.9246
6.9245
6.9244
6.9246
6.9250
6.9251
6.9253
6.9252
6.9253
6.9251
6.9250
6.9251
6.9252
6.9252
6.9253
6.9254
6.9256
6.9255
6.9255
6.9253
6.9255
6.9253
6.9252
6.9251
6.9251
6.9251
6.9252
6.9254
6.9252
6.9255
6.9255
6.9257
6.9256
6.9256
6.9259
6.9260
6.9259
6.9261
6.9261
6.9260
6.9259
6.9257
6.9258
6.9254
6.9254
6.9252
6.9253
6.9252
6.9253
6.9256
6.9257
6.9259
6.9259
6.9260
6.9264
6.9265
6.9265
6.9265
6.9266
6.9266
