
6.9119
6.9090
6.9045
6.9061
6.9068
6.9034
6.9047
6.9043
6.9034
6.9102
6.9095
6.9107
6.9078
6.9073
6.9067
6.9070
6.9076
6.9099
6.9109
6.9114
6.9093
6.9108
6.9112
6.9103
6.9104
6.9115
6.9119
6.9134
6.9132
6.9126
6.9137
6.9147
6.9157
6.9159
6.9167
6.9167
6.9160
6.9167
6.9163
6.9156
6.9150
6.9156
6.9163
6.9165
6.9165
6.9170
6.9175
6.9173
6.9174
6.9177
6.9182
6.9183
6.9185
6.9182
6.9180
6.9182
6.9177
6.9182
6.9188
6.9188
6.9186
6.9179
6.9177
6.9185
6.9183
6.9188
6.9183
6.9184
6.9185
6.9188
6.9184
6.9186
6.9184
6.9182
6.9178
6.9181
6.9177
6.9176
6.9174
6.9173
6.9174
6.9172
6.9175
6.9177
6.9179
6.9182
6.9182
6.9178
6.9179
6.9179
6.9182
6.9185
6.9188
6.9188
6.9191
6.9190
6.9191
6.9191
6.9190
6.9186
6.9188
6.9186
6.9185
6.9189
6.9189
6.9193
6.9192
6.9193
6.9197
6.9192
6.9192
6.9190
6.9188
6.9187
6.9184
6.9182
6.9184
6.9185
6.9187
6.9186
6.9187
6.9188
6.9187
6.9188
6.9189
6.9188
6.9189
6.9190
6.9190
6.9190
6.9190
6.9190
6.9189
6.9189
6.9189
6.9191
6.9193
6.9194
6.9192
6.9188
6.9187
6.9191
6.9191
6.9190
6.9192
6.9192
6.9193
6.9194
6.9196
6.9199
6.9198
6.9201
6.9200
6.9199
6.9201
6.9199
6.9201
6.9199
6.9199
6.9198
6.9197
6.9197
6.9197
6.9198
6.9198
6.9198
6.9197
6.9199
6.9198
6.9198
6.9199
6.9197
6.9197
6.9197
6.9198
6.9197
6.9196
6.9198
6.9200
6.9200
6.9201
6.9202
6.9202
6.9204
6.9203
6.9202
6.9202
6.9201
6.9226
6.9230
6.9227
6.9226
6.9225
6.9224
6.9227
6.9228
6.9225
6.9226
6.9224
6.9223
