
6.8025
6.9054
6.9395
6.9481
6.9460
6.9439
6.9345
6.9290
6.9280
6.9313
6.9302
6.9290
6.9268
6.9264
6.9256
6.9253
6.9257
6.9255
6.9245
6.9231
6.9236
6.9240
6.9237
6.9220
6.9216
6.9211
6.9210
6.9212
6.9206
6.9211
6.9208
6.9197
6.9202
6.9199
6.9197
6.9192
6.9190
6.9189
6.9184
6.9187
6.9184
6.9185
6.9185
6.9182
6.9182
6.9188
6.9194
6.9188
6.9189
6.9187
6.9189
6.9186
6.9189
6.9187
6.9185
6.9184
6.9184
6.9183
6.9184
6.9182
6.9179
6.9177
6.9175
6.9173
6.9173
6.9171
6.9170
6.9168
6.9167
6.9167
6.9166
6.9165
6.9165
6.9164
6.9161
6.9159
6.9158
6.9158
6.9157
6.9157
6.9155
6.9154
6.9152
6.9150
6.9149
6.9148
6.9146
6.9145
6.9147
6.9147
6.9146
6.9145
6.9147
6.9145
6.9145
6.9144
6.9143
6.9142
6.9142
6.9141
6.9140
6.9140
6.9138
6.9139
6.9139
6.9139
6.9137
6.9136
6.9136
6.9135
6.9134
6.9134
6.9133
6.9133
6.9133
6.9132
6.9132
6.9133
6.9133
6.9132
6.9132
6.9132
6.9131
6.9131
6.9130
6.9130
6.9129
6.9129
6.9128
6.9127
6.9127
6.9126
6.9126
6.9125
6.9123
6.9123
6.9122
6.9122
6.9121
6.9121
6.9122
6.9122
6.9122
6.9122
6.9123
6.9122
6.9122
6.9122
6.9121
6.9121
6.9120
6.9120
6.9120
6.9120
6.9119
6.9119
6.9118
6.9117
6.9117
6.9116
6.9115
6.9115
6.9114
6.9115
6.9115
6.9114
6.9114
6.9114
6.9113
6.9112
6.9112
6.9113
6.9113
6.9113
6.9113
6.9112
6.9112
6.9112
6.9112
6.9111
6.9112
6.9112
6.9112
6.9112
6.9113
6.9113
6.9113
6.9112
6.9112
6.9112
6.9111
6.9111
6.9111
6.9111
6.9111
6.9110
6.9109
6.9110
6.9110
6.9110
