
6.9299
6.9496
6.9344
6.9237
6.9285
6.9282
6.9244
6.9186
6.9201
6.9193
6.9234
6.9256
6.9264
6.9262
6.9264
6.9262
6.9278
6.9274
6.9271
6.9252
6.9234
6.9238
6.9208
6.9208
6.9219
6.9236
6.9252
6.9251
6.9270
6.9271
6.9262
6.9268
6.9273
6.9275
6.9282
6.9283
6.9280
6.9280
6.9280
6.9270
6.9265
6.9254
6.9252
6.9244
6.9237
6.9233
6.9237
6.9237
6.9233
6.9240
6.9239
6.9236
6.9233
6.9238
6.9249
6.9251
6.9257
6.9253
6.9248
6.9248
6.9246
6.9250
6.9244
6.9245
6.9241
6.9237
6.9239
6.9236
6.9236
6.9233
6.9232
6.9233
6.9236
6.9239
6.9236
6.9232
6.9224
6.9225
6.9226
6.9230
6.9235
6.9236
6.9234
6.9237
6.9234
6.9237
6.9237
6.9238
6.9242
6.9240
6.9696
6.9937
6.9930
6.9925
6.9922
6.9916
6.9908
6.9897
6.9894
6.9888
6.9885
6.9878
6.9874
6.9866
6.9858
6.9854
6.9845
6.9842
6.9836
6.9834
6.9825
6.9824
6.9815
6.9810
6.9804
6.9804
6.9799
7.0081
7.0547
7.0592
7.0580
7.0567
7.0557
7.0546
7.0534
7.0525
7.0515
7.0506
7.0495
7.0486
7.0481
7.0475
7.0463
7.0455
7.0444
7.0437
7.0430
7.0422
7.0416
7.0409
7.0402
7.0393
7.0386
7.0373
7.0368
7.0362
7.0355
7.0348
7.0341
7.0334
7.0328
7.0323
7.0316
7.0308
7.0301
7.0294
7.0285
7.0275
7.0269
7.0261
7.0256
7.0248
7.0241
7.0237
7.0233
7.0226
7.0221
7.0217
7.0210
7.0206
7.0200
7.0197
7.0192
7.0184
7.0175
7.0171
7.0169
7.0163
7.0161
7.0153
7.0148
7.0144
7.0139
7.0136
7.0132
7.0128
7.0122
7.0119
7.0114
7.0228
7.0439
7.0432
7.0429
7.0423
7.0416
7.0414
7.0409
7.0402
7.0397
7.0522
