7.6179
7.5521
7.6258
7.6062
7.5909
7.5762
7.5806
7.6386
7.6764
7.6849
7.7044
7.6768
7.6859
7.6628
7.6711
7.6492
7.6311
7.6408
7.6379
7.6352
7.6165
7.6132
7.6067
7.6024
7.6040
7.6049
7.6075
7.6024
7.5967
7.5929
7.5804
7.5814
7.5852
7.5817
7.5930
7.5814
7.5830
7.5721
7.5684
7.5659
7.5592
7.5626
7.5609
7.5628
7.5630
7.5559
7.5564
7.5480
7.5466
7.5468
7.5449
7.5415
7.5404
7.5402
7.5397
7.5379
7.5354
7.5316
7.5338
7.5322
7.5285
7.5293
7.5292
7.5280
7.5265
7.5191
7.5173
7.5161
7.5216
7.5216
7.5215
7.5164
7.5157
7.5105
7.5069
7.5057
7.5027
7.5009
7.4946
7.4912
7.4908
7.4927
7.4903
7.4913
7.4889
7.4889
7.4891
7.4883
7.4862
7.4834
7.4825
7.4833
7.4816
7.4777
7.4796
7.4760
7.4763
7.4730
7.4728
7.4722
6.8860
7.0099
7.1369
7.2312
7.3245
7.3857
7.4040
7.3727
7.3943
7.4207
7.4190
7.4080
7.3798
7.3654
7.3616
7.3713
7.3645
7.3653
7.3636
7.3635
7.3567
7.3486
7.3642
7.3561
7.3718
7.3717
7.3693
7.3608
7.3596
7.3567
7.3513
7.3514
7.3508
7.3562
7.3593
7.3510
7.3474
7.3468
7.3451
7.3457
7.3458
7.3478
7.3396
7.3352
7.3400
7.3428
7.3403
7.3407
7.3402
7.3446
7.3374
7.3421
7.3426
7.3431
7.3443
7.3427
7.3404
7.3413
7.3386
7.3350
7.3345
7.3337
7.3321
7.3370
7.3313
7.3338
7.3368
7.3362
7.3349
7.3341
7.3394
7.3400
7.3372
7.3346
7.3314
7.3288
7.3280
7.3268
7.3260
7.3229
7.3233
7.3212
7.3203
7.3221
7.3220
7.3221
7.3208
7.3161
7.3146
7.3152
7.3137
7.3162
7.3139
7.3110
7.3077
7.3073
7.3107
7.3126
7.3128
7.3123
7.1345
7.2696
7.1663
7.2590
7.2463
7.2542
7.2502
7.2758
7.2789
7.3227
7.3200
7.3150
7.3108
7.3198
7.3121
7.3080
7.2949
7.2897
7.2932
7.2880
7.2831
7.2694
7.2558
7.2529
7.2467
7.2566
7.2532
7.2495
7.2424
7.2467
7.2361
7.2339
7.2358
7.2298
7.2286
7.2220
7.2302
7.2275
7.2206
7.2185
7.2158
7.2114
7.2157
7.2140
7.2122
7.2148
7.2167
7.2167
7.2210
7.2228
7.2266
7.2286
7.2331
7.2343
7.2355
7.2269
7.2264
7.2298
7.2321
7.2379
7.2399
7.2411
7.2404
7.2434
7.2429
7.2428
7.2417
7.2411
7.2421
7.2403
7.2390
7.2397
7.2359
7.2328
7.2336
7.2341
7.2327
7.2326
7.2288
7.2290
7.2309
7.2340
7.2328
7.2322
7.2336
7.2350
7.2328
7.2317
7.2331
7.2336
7.2330
7.2322
7.2292
7.2248
7.2240
7.2237
7.2268
7.2268
7.2285
7.2283
7.3066
7.1639
7.1604
7.1451
7.2192
7.2122
7.1765
7.1707
7.1644
7.1727
7.1668
7.1697
7.1872
7.2004
7.2022
7.2084
7.2109
7.2006
7.1961
7.2034
7.1940
7.1954
7.1878
7.1858
7.1922
7.1941
7.2018
7.2008
7.2044
7.2026
7.2010
7.1918
7.1875
7.1776
7.1775
7.1748
7.1786
7.1824
7.1844
7.1869
7.1909
7.1972
7.1962
7.1984
7.1960
7.1945
7.1947
7.1942
7.1910
7.1916
7.1925
7.1881
7.1850
7.1823
7.1836
7.1827
7.1773
7.1812
7.1821
7.1799
7.1774
7.1758
7.1748
7.1749
7.1757
7.1796
7.1802
7.1762
7.1735
7.1718
7.1759
7.1717
7.1706
7.1675
7.1687
7.1695
7.1678
7.1685
7.1688
7.1716
7.1719
7.1705
7.1697
7.1662
7.1631
7.1632
7.1616
7.1613
7.1601
7.1604
7.1602
7.1617
7.1616
7.1610
7.1570
7.1552
7.1529
7.1539
7.1554
7.1550
7.0971
7.1171
7.1128
7.0523
7.0722
7.0620
7.0874
7.1115
7.1402
7.1400
7.1301
7.1333
7.1222
7.1231
7.1186
7.1246
7.1232
7.1117
7.1203
7.1246
7.1242
7.1354
7.1332
7.1289
7.1338
7.1373
7.1314
7.1274
7.1290
7.1247
7.1285
7.1320
7.1336
7.1316
7.1320
7.1321
7.1269
7.1320
7.1260
7.1309
7.1319
7.1315
7.1295
7.1253
7.1255
7.1275
7.1323
7.1306
7.1336
7.1371
7.1414
7.1450
7.1406
7.1431
7.1447
7.1445
7.1444
7.1426
7.1457
7.1445
7.1447
7.1434
7.1437
7.1434
7.1401
7.1406
7.1422
7.1418
7.1435
7.1433
7.1428
7.1450
7.1477
7.1473
7.1470
7.1482
7.1438
7.1428
7.1423
7.1428
7.1433
7.1442
7.1438
7.1433
7.1425
7.1441
7.1434
7.1411
7.1409
7.1385
7.1354
7.1337
7.1343
7.1359
7.1361
7.1341
7.1329
7.1349
7.1334
7.1347
7.0481
6.9626
6.9924
7.0495
7.0498
7.0236
7.0556
7.0764
7.0774
7.0753
7.0679
7.0640
7.0761
7.0671
7.0644
7.0701
7.0819
7.0785
7.0737
7.0694
7.0590
7.0550
7.0561
7.0650
7.0647
7.0638
7.0667
7.0689
7.0690
7.0858
7.0859
7.0886
7.0850
7.0821
7.0763
7.0714
7.0676
7.0659
7.0643
7.0632
7.0656
7.0667
7.0717
7.0722
7.0710
7.0742
7.0707
7.0727
7.0704
7.0737
7.0743
7.0770
7.0740
7.0763
7.0759
7.0783
7.0771
7.0766
7.0759
7.0747
7.0731
7.0727
7.0736
7.0751
7.0731
7.0727
7.0729
7.0760
7.0753
7.0741
7.0751
7.0738
7.0715
7.0716
7.0688
7.0674
7.0671
7.0670
7.0681
7.0672
7.0668
7.0655
7.0647
7.0647
7.0644
7.0647
7.0631
7.0652
7.0663
7.0661
7.0659
7.0642
7.0643
7.0657
7.0665
7.0681
7.0679
7.0671
7.0696
7.0705
6.9841
7.0111
7.0690
7.0790
7.0897
7.0987
7.0959
7.1021
7.0639
7.0464
7.0434
7.0736
7.0779
7.0663
7.0721
7.0822
7.0772
7.0707
7.0771
7.0732
7.0619
7.0623
7.0693
7.0755
7.0754
7.0776
7.0743
7.0724
7.0747
7.0744
7.0715
7.0710
7.0663
7.0612
7.0586
7.0600
7.0612
7.0568
7.0542
7.0524
7.0520
7.0499
7.0554
7.0493
7.0500
7.0506
7.0526
7.0503
7.0471
7.0421
7.0427
7.0449
7.0470
7.0459
7.0451
7.0511
7.0501
7.0499
7.0475
7.0459
7.0468
7.0492
7.0461
7.0435
7.0427
7.0430
7.0417
7.0426
7.0416
7.0419
7.0447
7.0455
7.0441
7.0455
7.0453
7.0472
7.0485
7.0495
7.0486
7.0480
7.0486
7.0499
7.0511
7.0499
7.0496
7.0495
7.0501
7.0509
7.0519
7.0528
7.0527
7.0542
7.0541
7.0535
7.0535
7.0533
7.0536
7.0533
7.0528
7.0536
6.8943
6.9598
6.9556
6.9832
6.9722
6.9838
7.0033
7.0050
7.0173
7.0216
7.0167
7.0137
7.0395
7.0231
7.0286
7.0323
7.0214
7.0247
7.0250
7.0261
7.0376
7.0407
7.0448
7.0487
7.0500
7.0392
7.0368
7.0314
7.0293
7.0295
7.0286
7.0275
7.0305
7.0255
7.0234
7.0202
7.0229
7.0161
7.0175
7.0133
7.0136
7.0137
7.0190
7.0122
7.0133
7.0150
7.0187
7.0168
7.0133
7.0172
7.0186
7.0180
7.0195
7.0209
7.0235
7.0276
7.0265
7.0271
7.0257
7.0253
7.0214
7.0230
7.0219
7.0215
7.0229
7.0242
7.0236
7.0214
7.0212
7.0250
7.0249
7.0236
7.0221
7.0205
7.0211
7.0216
7.0215
7.0218
7.0220
7.0231
7.0216
7.0219
7.0217
7.0218
7.0216
7.0225
7.0228
7.0237
7.0236
7.0214
7.0224
7.0235
7.0233
7.0243
7.0230
7.0231
7.0215
7.0217
7.0201
7.0191
7.0905
7.0184
6.9862
6.9661
6.9648
6.9688
6.9951
7.0252
7.0425
7.0443
7.0401
7.0304
7.0150
7.0111
7.0095
7.0208
7.0303
7.0234
7.0206
7.0194
7.0248
7.0254
7.0272
7.0333
7.0348
7.0369
7.0348
7.0282
7.0318
7.0276
7.0327
7.0300
7.0329
7.0319
7.0277
7.0274
7.0199
7.0133
7.0134
7.0089
7.0038
7.0057
7.0053
7.0073
7.0069
7.0072
7.0064
7.0040
7.0042
7.0033
7.0038
7.0082
7.0086
7.0122
7.0109
7.0089
7.0114
7.0120
7.0108
7.0117
7.0114
7.0101
7.0090
7.0118
7.0086
7.0083
7.0085
7.0081
7.0093
7.0073
7.0051
7.0047
7.0053
7.0062
7.0070
7.0046
7.0059
7.0078
7.0065
7.0071
7.0081
7.0073
7.0076
7.0080
7.0089
7.0113
7.0111
7.0120
7.0130
7.0128
7.0135
7.0148
7.0165
7.0160
7.0151
7.0144
7.0160
7.0161
7.0160
7.0160
7.0627
6.9999
7.0311
6.9958
7.0042
6.9899
7.0105
7.0171
7.0222
7.0024
7.0106
7.0268
7.0296
7.0319
7.0258
7.0285
7.0206
7.0294
7.0157
7.0144
7.0123
7.0118
7.0129
7.0131
7.0182
7.0216
7.0199
7.0197
7.0182
7.0185
7.0182
7.0095
7.0059
7.0058
7.0071
7.0082
7.0049
7.0026
6.9991
6.9979
6.9970
6.9997
6.9975
6.9946
6.9939
6.9894
6.9886
6.9898
6.9885
6.9913
6.9909
6.9911
6.9883
6.9885
6.9889
6.9868
6.9840
6.9837
6.9819
6.9811
6.9807
6.9814
6.9815
6.9818
6.9807
6.9807
6.9790
6.9778
6.9763
6.9783
6.9779
6.9785
6.9782
6.9793
6.9774
6.9776
6.9793
6.9806
6.9806
6.9791
6.9796
6.9801
6.9806
6.9806
6.9813
6.9834
6.9832
6.9829
6.9822
6.9832
6.9825
6.9822
6.9831
6.9828
6.9829
6.9823
6.9817
6.9808
6.9804
6.9817
