
7.0905
7.0184
6.9862
6.9661
6.9648
6.9688
6.9951
7.0252
7.0425
7.0443
7.0401
7.0304
7.0150
7.0111
7.0095
7.0208
7.0303
7.0234
7.0206
7.0194
7.0248
7.0254
7.0272
7.0333
7.0348
7.0369
7.0348
7.0282
7.0318
7.0276
7.0327
7.0300
7.0329
7.0319
7.0277
7.0274
7.0199
7.0133
7.0134
7.0089
7.0038
7.0057
7.0053
7.0073
7.0069
7.0072
7.0064
7.0040
7.0042
7.0033
7.0038
7.0082
7.0086
7.0122
7.0109
7.0089
7.0114
7.0120
7.0108
7.0117
7.0114
7.0101
7.0090
7.0118
7.0086
7.0083
7.0085
7.0081
7.0093
7.0073
7.0051
7.0047
7.0053
7.0062
7.0070
7.0046
7.0059
7.0078
7.0065
7.0071
7.0081
7.0073
7.0076
7.0080
7.0089
7.0113
7.0111
7.0120
7.0130
7.0128
7.0135
7.0148
7.0165
7.0160
7.0151
7.0144
7.0160
7.0161
7.0160
7.0160
