
7.1345
7.2696
7.1663
7.2590
7.2463
7.2542
7.2502
7.2758
7.2789
7.3227
7.3200
7.3150
7.3108
7.3198
7.3121
7.3080
7.2949
7.2897
7.2932
7.2880
7.2831
7.2694
7.2558
7.2529
7.2467
7.2566
7.2532
7.2495
7.2424
7.2467
7.2361
7.2339
7.2358
7.2298
7.2286
7.2220
7.2302
7.2275
7.2206
7.2185
7.2158
7.2114
7.2157
7.2140
7.2122
7.2148
7.2167
7.2167
7.2210
7.2228
7.2266
7.2286
7.2331
7.2343
7.2355
7.2269
7.2264
7.2298
7.2321
7.2379
7.2399
7.2411
7.2404
7.2434
7.2429
7.2428
7.2417
7.2411
7.2421
7.2403
7.2390
7.2397
7.2359
7.2328
7.2336
7.2341
7.2327
7.2326
7.2288
7.2290
7.2309
7.2340
7.2328
7.2322
7.2336
7.2350
7.2328
7.2317
7.2331
7.2336
7.2330
7.2322
7.2292
7.2248
7.2240
7.2237
7.2268
7.2268
7.2285
7.2283
