
6.8860
7.0099
7.1369
7.2312
7.3245
7.3857
7.4040
7.3727
7.3943
7.4207
7.4190
7.4080
7.3798
7.3654
7.3616
7.3713
7.3645
7.3653
7.3636
7.3635
7.3567
7.3486
7.3642
7.3561
7.3718
7.3717
7.3693
7.3608
7.3596
7.3567
7.3513
7.3514
7.3508
7.3562
7.3593
7.3510
7.3474
7.3468
7.3451
7.3457
7.3458
7.3478
7.3396
7.3352
7.3400
7.3428
7.3403
7.3407
7.3402
7.3446
7.3374
7.3421
7.3426
7.3431
7.3443
7.3427
7.3404
7.3413
7.3386
7.3350
7.3345
7.3337
7.3321
7.3370
7.3313
7.3338
7.3368
7.3362
7.3349
7.3341
7.3394
7.3400
7.3372
7.3346
7.3314
7.3288
7.3280
7.3268
7.3260
7.3229
7.3233
7.3212
7.3203
7.3221
7.3220
7.3221
7.3208
7.3161
7.3146
7.3152
7.3137
7.3162
7.3139
7.3110
7.3077
7.3073
7.3107
7.3126
7.3128
7.3123
