
7.6179
7.5521
7.6258
7.6062
7.5909
7.5762
7.5806
7.6386
7.6764
7.6849
7.7044
7.6768
7.6859
7.6628
7.6711
7.6492
7.6311
7.6408
7.6379
7.6352
7.6165
7.6132
7.6067
7.6024
7.6040
7.6049
7.6075
7.6024
7.5967
7.5929
7.5804
7.5814
7.5852
7.5817
7.5930
7.5814
7.5830
7.5721
7.5684
7.5659
7.5592
7.5626
7.5609
7.5628
7.5630
7.5559
7.5564
7.5480
7.5466
7.5468
7.5449
7.5415
7.5404
7.5402
7.5397
7.5379
7.5354
7.5316
7.5338
7.5322
7.5285
7.5293
7.5292
7.5280
7.5265
7.5191
7.5173
7.5161
7.5216
7.5216
7.5215
7.5164
7.5157
7.5105
7.5069
7.5057
7.5027
7.5009
7.4946
7.4912
7.4908
7.4927
7.4903
7.4913
7.4889
7.4889
7.4891
7.4883
7.4862
7.4834
7.4825
7.4833
7.4816
7.4777
7.4796
7.4760
7.4763
7.4730
7.4728
7.4722
