
7.3066
7.1639
7.1604
7.1451
7.2192
7.2122
7.1765
7.1707
7.1644
7.1727
7.1668
7.1697
7.1872
7.2004
7.2022
7.2084
7.2109
7.2006
7.1961
7.2034
7.1940
7.1954
7.1878
7.1858
7.1922
7.1941
7.2018
7.2008
7.2044
7.2026
7.2010
7.1918
7.1875
7.1776
7.1775
7.1748
7.1786
7.1824
7.1844
7.1869
7.1909
7.1972
7.1962
7.1984
7.1960
7.1945
7.1947
7.1942
7.1910
7.1916
7.1925
7.1881
7.1850
7.1823
7.1836
7.1827
7.1773
7.1812
7.1821
7.1799
7.1774
7.1758
7.1748
7.1749
7.1757
7.1796
7.1802
7.1762
7.1735
7.1718
7.1759
7.1717
7.1706
7.1675
7.1687
7.1695
7.1678
7.1685
7.1688
7.1716
7.1719
7.1705
7.1697
7.1662
7.1631
7.1632
7.1616
7.1613
7.1601
7.1604
7.1602
7.1617
7.1616
7.1610
7.1570
7.1552
7.1529
7.1539
7.1554
7.1550
