
6.8943
6.9598
6.9556
6.9832
6.9722
6.9838
7.0033
7.0050
7.0173
7.0216
7.0167
7.0137
7.0395
7.0231
7.0286
7.0323
7.0214
7.0247
7.0250
7.0261
7.0376
7.0407
7.0448
7.0487
7.0500
7.0392
7.0368
7.0314
7.0293
7.0295
7.0286
7.0275
7.0305
7.0255
7.0234
7.0202
7.0229
7.0161
7.0175
7.0133
7.0136
7.0137
7.0190
7.0122
7.0133
7.0150
7.0187
7.0168
7.0133
7.0172
7.0186
7.0180
7.0195
7.0209
7.0235
7.0276
7.0265
7.0271
7.0257
7.0253
7.0214
7.0230
7.0219
7.0215
7.0229
7.0242
7.0236
7.0214
7.0212
7.0250
7.0249
7.0236
7.0221
7.0205
7.0211
7.0216
7.0215
7.0218
7.0220
7.0231
7.0216
7.0219
7.0217
7.0218
7.0216
7.0225
7.0228
7.0237
7.0236
7.0214
7.0224
7.0235
7.0233
7.0243
7.0230
7.0231
7.0215
7.0217
7.0201
7.0191
