
7.0627
6.9999
7.0311
6.9958
7.0042
6.9899
7.0105
7.0171
7.0222
7.0024
7.0106
7.0268
7.0296
7.0319
7.0258
7.0285
7.0206
7.0294
7.0157
7.0144
7.0123
7.0118
7.0129
7.0131
7.0182
7.0216
7.0199
7.0197
7.0182
7.0185
7.0182
7.0095
7.0059
7.0058
7.0071
7.0082
7.0049
7.0026
6.9991
6.9979
6.9970
6.9997
6.9975
6.9946
6.9939
6.9894
6.9886
6.9898
6.9885
6.9913
6.9909
6.9911
6.9883
6.9885
6.9889
6.9868
6.9840
6.9837
6.9819
6.9811
6.9807
6.9814
6.9815
6.9818
6.9807
6.9807
6.9790
6.9778
6.9763
6.9783
6.9779
6.9785
6.9782
6.9793
6.9774
6.9776
6.9793
6.9806
6.9806
6.9791
6.9796
6.9801
6.9806
6.9806
6.9813
6.9834
6.9832
6.9829
6.9822
6.9832
6.9825
6.9822
6.9831
6.9828
6.9829
6.9823
6.9817
6.9808
6.9804
6.9817
