
7.0481
6.9626
6.9924
7.0495
7.0498
7.0236
7.0556
7.0764
7.0774
7.0753
7.0679
7.0640
7.0761
7.0671
7.0644
7.0701
7.0819
7.0785
7.0737
7.0694
7.0590
7.0550
7.0561
7.0650
7.0647
7.0638
7.0667
7.0689
7.0690
7.0858
7.0859
7.0886
7.0850
7.0821
7.0763
7.0714
7.0676
7.0659
7.0643
7.0632
7.0656
7.0667
7.0717
7.0722
7.0710
7.0742
7.0707
7.0727
7.0704
7.0737
7.0743
7.0770
7.0740
7.0763
7.0759
7.0783
7.0771
7.0766
7.0759
7.0747
7.0731
7.0727
7.0736
7.0751
7.0731
7.0727
7.0729
7.0760
7.0753
7.0741
7.0751
7.0738
7.0715
7.0716
7.0688
7.0674
7.0671
7.0670
7.0681
7.0672
7.0668
7.0655
7.0647
7.0647
7.0644
7.0647
7.0631
7.0652
7.0663
7.0661
7.0659
7.0642
7.0643
7.0657
7.0665
7.0681
7.0679
7.0671
7.0696
7.0705
