
6.9841
7.0111
7.0690
7.0790
7.0897
7.0987
7.0959
7.1021
7.0639
7.0464
7.0434
7.0736
7.0779
7.0663
7.0721
7.0822
7.0772
7.0707
7.0771
7.0732
7.0619
7.0623
7.0693
7.0755
7.0754
7.0776
7.0743
7.0724
7.0747
7.0744
7.0715
7.0710
7.0663
7.0612
7.0586
7.0600
7.0612
7.0568
7.0542
7.0524
7.0520
7.0499
7.0554
7.0493
7.0500
7.0506
7.0526
7.0503
7.0471
7.0421
7.0427
7.0449
7.0470
7.0459
7.0451
7.0511
7.0501
7.0499
7.0475
7.0459
7.0468
7.0492
7.0461
7.0435
7.0427
7.0430
7.0417
7.0426
7.0416
7.0419
7.0447
7.0455
7.0441
7.0455
7.0453
7.0472
7.0485
7.0495
7.0486
7.0480
7.0486
7.0499
7.0511
7.0499
7.0496
7.0495
7.0501
7.0509
7.0519
7.0528
7.0527
7.0542
7.0541
7.0535
7.0535
7.0533
7.0536
7.0533
7.0528
7.0536
