
7.0971
7.1171
7.1128
7.0523
7.0722
7.0620
7.0874
7.1115
7.1402
7.1400
7.1301
7.1333
7.1222
7.1231
7.1186
7.1246
7.1232
7.1117
7.1203
7.1246
7.1242
7.1354
7.1332
7.1289
7.1338
7.1373
7.1314
7.1274
7.1290
7.1247
7.1285
7.1320
7.1336
7.1316
7.1320
7.1321
7.1269
7.1320
7.1260
7.1309
7.1319
7.1315
7.1295
7.1253
7.1255
7.1275
7.1323
7.1306
7.1336
7.1371
7.1414
7.1450
7.1406
7.1431
7.1447
7.1445
7.1444
7.1426
7.1457
7.1445
7.1447
7.1434
7.1437
7.1434
7.1401
7.1406
7.1422
7.1418
7.1435
7.1433
7.1428
7.1450
7.1477
7.1473
7.1470
7.1482
7.1438
7.1428
7.1423
7.1428
7.1433
7.1442
7.1438
7.1433
7.1425
7.1441
7.1434
7.1411
7.1409
7.1385
7.1354
7.1337
7.1343
7.1359
7.1361
7.1341
7.1329
7.1349
7.1334
7.1347
