
7.0140
6.9349
6.9163
6.9583
6.9574
6.9692
6.9729
6.9753
6.9750
6.9707
6.9695
6.9809
6.9812
6.9825
6.9873
6.9895
6.9940
6.9963
6.9937
6.9909
6.9940
6.9958
6.9918
6.9901
6.9924
6.9911
6.9930
6.9883
6.9853
6.9786
6.9764
6.9756
6.9736
6.9779
6.9787
6.9795
6.9815
6.9806
6.9813
6.9841
6.9825
6.9830
6.9819
6.9829
6.9807
6.9818
6.9817
6.9833
6.9802
6.9829
6.9834
6.9825
6.9806
6.9810
6.9797
6.9809
6.9796
6.9767
6.9799
6.9794
6.9782
6.9790
6.9799
6.9809
6.9813
6.9823
6.9825
6.9826
6.9818
6.9837
6.9842
6.9825
6.9833
6.9825
6.9842
6.9831
6.9823
6.9828
6.9828
6.9830
6.9827
6.9809
6.9812
6.9805
6.9811
6.9817
6.9836
6.9829
6.9834
6.9842
6.9832
6.9816
6.9806
6.9799
6.9798
6.9805
6.9804
6.9813
6.9798
6.9791
