
6.9987
7.0318
7.0155
7.0248
7.0177
7.0359
7.0561
7.0601
7.0707
7.0663
7.0591
7.0352
7.0501
7.0585
7.0593
7.0578
7.0551
7.0613
7.0528
7.0491
7.0561
7.0574
7.0572
7.0516
7.0521
7.0494
7.0482
7.0442
7.0444
7.0439
7.0443
7.0437
7.0417
7.0356
7.0401
7.0397
7.0392
7.0384
7.0364
7.0339
7.0292
7.0301
7.0296
7.0269
7.0286
7.0266
7.0256
7.0271
7.0297
7.0287
7.0280
7.0277
7.0238
7.0229
7.0219
7.0238
7.0242
7.0233
7.0238
7.0228
7.0229
7.0227
7.0199
7.0203
7.0189
7.0193
7.0193
7.0184
7.0189
7.0191
7.0207
7.0222
7.0209
7.0228
7.0229
7.0208
7.0213
7.0212
7.0213
7.0219
7.0215
7.0214
7.0215
7.0231
7.0232
7.0230
7.0237
7.0240
7.0240
7.0233
7.0219
7.0213
7.0201
7.0187
7.0191
7.0195
7.0194
7.0191
7.0202
7.0196
