
7.1344
7.1105
7.0683
7.0536
7.0569
7.0598
7.0553
7.0740
7.0625
7.0483
7.0358
7.0425
7.0402
7.0449
7.0402
7.0410
7.0293
7.0264
7.0236
7.0124
7.0124
7.0115
7.0128
7.0058
7.0006
7.0048
7.0021
7.0073
7.0037
7.0007
7.0067
7.0057
7.0100
7.0082
7.0089
7.0112
7.0102
7.0110
7.0142
7.0155
7.0151
7.0138
7.0147
7.0126
7.0176
7.0153
7.0158
7.0163
7.0164
7.0171
7.0158
7.0164
7.0148
7.0150
7.0157
7.0152
7.0162
7.0178
7.0176
7.0183
7.0161
7.0160
7.0163
7.0161
7.0166
7.0154
7.0144
7.0140
7.0157
7.0149
7.0135
7.0139
7.0142
7.0121
7.0120
7.0106
7.0109
7.0123
7.0146
7.0142
7.0160
7.0165
7.0152
7.0158
7.0150
7.0136
7.0137
7.0140
7.0122
7.0125
7.0125
7.0138
7.0134
7.0126
7.0129
7.0128
7.0126
7.0131
7.0132
7.0121
