
7.0604
6.9980
7.0489
7.0618
7.0641
7.0906
7.0803
7.0930
7.0790
7.0748
7.0602
7.0497
7.0502
7.0441
7.0348
7.0368
7.0393
7.0376
7.0290
7.0269
7.0277
7.0253
7.0214
7.0192
7.0184
7.0140
7.0173
7.0233
7.0169
7.0119
7.0064
7.0064
7.0039
7.0066
7.0046
7.0018
6.9995
6.9998
6.9981
6.9985
7.0019
7.0015
7.0047
7.0072
7.0093
7.0083
7.0107
7.0152
7.0148
7.0150
7.0183
7.0179
7.0177
7.0162
7.0165
7.0159
7.0136
7.0148
7.0136
7.0134
7.0126
7.0146
7.0159
7.0163
7.0148
7.0170
7.0185
7.0190
7.0224
7.0241
7.0254
7.0257
7.0260
7.0259
7.0239
7.0259
7.0263
7.0255
7.0236
7.0233
7.0240
7.0242
7.0257
7.0271
7.0273
7.0265
7.0253
7.0248
7.0252
7.0239
7.0235
7.0235
7.0235
7.0230
7.0228
7.0231
7.0226
7.0246
7.0254
7.0255
