
6.9196
6.9881
7.0220
6.9862
6.9746
6.9651
6.9570
6.9540
6.9651
6.9761
6.9863
6.9895
7.0053
7.0045
6.9980
7.0028
7.0063
7.0102
7.0188
7.0217
7.0159
7.0157
7.0170
7.0227
7.0292
7.0285
7.0257
7.0259
7.0314
7.0349
7.0360
7.0369
7.0388
7.0355
7.0366
7.0354
7.0388
7.0395
7.0409
7.0413
7.0443
7.0406
7.0411
7.0417
7.0372
7.0367
7.0361
7.0372
7.0392
7.0433
7.0433
7.0454
7.0425
7.0417
7.0430
7.0412
7.0414
7.0449
7.0446
7.0444
7.0430
7.0400
7.0384
7.0374
7.0375
7.0377
7.0391
7.0399
7.0382
7.0384
7.0365
7.0376
7.0389
7.0410
7.0416
7.0433
7.0422
7.0412
7.0406
7.0385
7.0369
7.0365
7.0383
7.0380
7.0398
7.0397
7.0402
7.0402
7.0409
7.0401
7.0398
7.0394
7.0379
7.0378
7.0397
7.0406
7.0393
7.0392
7.0378
7.0378
