
6.9367
7.0231
7.0188
7.0062
7.0103
6.9921
6.9978
7.0068
7.0103
7.0177
7.0245
7.0158
7.0132
7.0199
7.0280
7.0251
7.0252
7.0231
7.0279
7.0232
7.0265
7.0234
7.0223
7.0162
7.0143
7.0115
7.0161
7.0171
7.0146
7.0193
7.0238
7.0267
7.0249
7.0236
7.0274
7.0290
7.0296
7.0287
7.0256
7.0296
7.0312
7.0313
7.0312
7.0325
7.0305
7.0300
7.0304
7.0323
7.0342
7.0361
7.0351
7.0348
7.0386
7.0383
7.0397
7.0397
7.0384
7.0410
7.0417
7.0429
7.0413
7.0433
7.0433
7.0443
7.0438
7.0437
7.0417
7.0393
7.0388
7.0395
7.0403
7.0375
7.0366
7.0383
7.0370
7.0365
7.0350
7.0361
7.0337
7.0341
7.0344
7.0362
7.0379
7.0378
7.0377
7.0392
7.0393
7.0389
7.0391
7.0390
7.0397
7.0396
7.0405
7.0404
7.0412
7.0406
7.0384
7.0378
7.0376
7.0381
