
6.9813
7.0321
7.0125
7.0011
6.9770
6.9772
6.9794
6.9792
6.9845
6.9715
6.9727
6.9701
6.9682
6.9707
6.9617
6.9656
6.9678
6.9698
6.9748
6.9846
6.9802
6.9837
6.9860
6.9886
6.9855
6.9852
6.9895
6.9887
6.9898
6.9933
6.9941
6.9899
6.9909
6.9945
6.9942
6.9941
6.9925
6.9934
6.9906
6.9891
6.9900
6.9917
6.9905
6.9913
6.9907
6.9916
6.9913
6.9915
6.9908
6.9902
6.9923
6.9928
6.9920
6.9908
6.9909
6.9898
6.9886
6.9910
6.9900
6.9904
6.9915
6.9919
6.9922
6.9910
6.9912
6.9900
6.9894
6.9879
6.9885
6.9872
6.9877
6.9898
6.9903
6.9900
6.9895
6.9869
6.9859
6.9853
6.9854
6.9866
6.9869
6.9858
6.9865
6.9857
6.9844
6.9848
6.9853
6.9852
6.9859
6.9879
6.9892
6.9903
6.9896
6.9877
6.9880
6.9868
6.9870
6.9875
6.9862
6.9854
