
7.1651
7.2067
7.1883
7.1378
7.1213
7.1033
7.0939
7.0943
7.0911
7.0825
7.0823
7.0839
7.0840
7.0762
7.0714
7.0688
7.0607
7.0596
7.0655
7.0702
7.0717
7.0669
7.0678
7.0688
7.0670
7.0672
7.0611
7.0614
7.0608
7.0597
7.0595
7.0564
7.0529
7.0567
7.0548
7.0551
7.0537
7.0514
7.0505
7.0492
7.0503
7.0507
7.0477
7.0493
7.0491
7.0479
7.0504
7.0538
7.0472
7.0457
7.0441
7.0436
7.0422
7.0421
7.0402
7.0392
7.0394
7.0422
7.0426
7.0424
7.0416
7.0395
7.0386
7.0371
7.0377
7.0380
7.0373
7.0395
7.0407
7.0415
7.0410
7.0401
7.0391
7.0393
7.0398
7.0397
7.0391
7.0386
7.0400
7.0416
7.0404
7.0415
7.0399
7.0406
7.0382
7.0370
7.0359
7.0349
7.0358
7.0369
7.0373
7.0371
7.0376
7.0367
7.0352
7.0342
7.0331
7.0346
7.0341
7.0348
