
6.8807
6.9586
6.9290
6.9496
6.9562
6.9398
6.9454
6.9712
6.9717
6.9691
6.9664
6.9639
6.9570
6.9698
6.9767
6.9741
6.9730
6.9770
6.9841
6.9813
6.9844
6.9886
6.9865
6.9853
6.9814
6.9868
6.9858
6.9915
6.9915
6.9930
6.9950
6.9927
6.9911
6.9921
6.9916
6.9923
6.9852
6.9833
6.9878
6.9897
6.9906
6.9908
6.9921
6.9940
6.9937
6.9934
6.9905
6.9901
6.9928
6.9899
6.9893
6.9866
6.9842
6.9841
6.9850
6.9839
6.9857
6.9851
6.9853
6.9851
6.9854
6.9842
6.9836
6.9848
6.9872
6.9866
6.9872
6.9876
6.9880
6.9865
6.9875
6.9886
6.9892
6.9898
6.9910
6.9924
6.9919
6.9930
6.9928
6.9931
6.9928
6.9932
6.9923
6.9930
6.9936
6.9943
6.9944
6.9944
6.9944
6.9927
6.9932
6.9927
6.9939
6.9948
6.9957
6.9958
6.9947
6.9946
6.9953
6.9964
