
7.1705
7.0091
7.0183
7.0187
7.0127
7.0319
7.0239
7.0214
7.0242
7.0212
7.0192
7.0108
7.0077
7.0113
7.0080
7.0062
7.0135
7.0171
7.0122
7.0140
7.0135
7.0187
7.0192
7.0208
7.0242
7.0225
7.0155
7.0186
7.0154
7.0165
7.0173
7.0184
7.0178
7.0170
7.0185
7.0172
7.0156
7.0155
7.0144
7.0110
7.0114
7.0114
7.0148
7.0136
7.0116
7.0131
7.0121
7.0107
7.0103
7.0118
7.0122
7.0116
7.0116
7.0100
7.0113
7.0102
7.0112
7.0115
7.0091
7.0104
7.0099
7.0104
7.0086
7.0080
7.0065
7.0045
7.0044
7.0026
7.0009
6.9998
6.9999
7.0004
7.0002
6.9999
6.9998
6.9984
6.9992
6.9985
6.9984
6.9981
6.9981
6.9981
6.9978
6.9975
6.9974
6.9978
6.9965
6.9965
6.9960
6.9967
6.9962
6.9957
6.9954
6.9954
6.9950
6.9941
6.9958
6.9975
6.9979
6.9973
