
7.1377
7.1242
7.1519
7.1820
7.2165
7.1813
7.1489
7.1869
7.1530
7.1350
7.1444
7.1536
7.1884
7.1952
7.1752
7.1720
7.1699
7.1750
7.1602
7.1536
7.1421
7.1449
7.1487
7.1337
7.1430
7.1438
7.1420
7.1466
7.1483
7.1489
7.1442
7.1585
7.1599
7.1577
7.1506
7.1504
7.1417
7.1518
7.1498
7.1520
7.1540
7.1470
7.1470
7.1461
7.1412
7.1430
7.1393
7.1382
7.1335
7.1350
7.1346
7.1312
7.1312
7.1329
7.1276
7.1171
7.1208
7.1235
7.1218
7.1231
7.1217
7.1209
7.1194
7.1182
7.1160
7.1116
7.1096
7.1049
7.1007
7.1013
7.0999
7.1014
7.1007
7.1006
7.0977
7.0935
7.0934
7.0942
7.0931
7.0942
7.0916
7.0928
7.0935
7.0937
7.0931
7.0930
7.0912
7.0894
7.0872
7.0845
7.0824
7.0842
7.0829
7.0802
7.0799
7.0789
7.0777
7.0745
7.0739
7.0719
