
6.9125
6.9026
6.9068
6.9336
6.9925
6.9624
6.9630
6.9644
6.9876
7.0143
7.0114
7.0260
7.0284
7.0358
7.0384
7.0416
7.0390
7.0426
7.0434
7.0387
7.0448
7.0425
7.0388
7.0358
7.0404
7.0396
7.0366
7.0301
7.0215
7.0227
7.0225
7.0190
7.0241
7.0236
7.0285
7.0276
7.0274
7.0255
7.0248
7.0234
7.0207
7.0186
7.0157
7.0180
7.0122
7.0178
7.0166
7.0127
7.0114
7.0123
7.0122
7.0117
7.0108
7.0132
7.0171
7.0156
7.0123
7.0122
7.0115
7.0141
7.0132
7.0126
7.0121
7.0120
7.0117
7.0114
7.0111
7.0116
7.0086
7.0060
7.0046
7.0045
7.0035
7.0043
7.0065
7.0046
7.0067
7.0070
7.0078
7.0084
7.0092
7.0088
7.0077
7.0078
7.0065
7.0073
7.0081
7.0096
7.0088
7.0096
7.0081
7.0074
7.0083
7.0077
7.0073
7.0061
7.0060
7.0069
7.0065
7.0075
