
6.9656
6.9366
6.9236
6.9711
6.9789
6.9601
6.9651
6.9738
6.9895
6.9731
6.9884
6.9834
6.9852
6.9979
6.9944
6.9800
6.9793
6.9836
6.9772
6.9858
6.9831
6.9857
6.9889
6.9847
6.9834
6.9858
6.9880
6.9814
6.9802
6.9840
6.9773
6.9820
6.9837
6.9846
6.9844
6.9818
6.9809
6.9854
6.9868
6.9900
6.9859
6.9829
6.9801
6.9793
6.9779
6.9749
6.9742
6.9773
6.9753
6.9753
6.9738
6.9714
6.9705
6.9677
6.9686
6.9683
6.9680
6.9686
6.9691
6.9708
6.9703
6.9677
6.9683
6.9678
6.9673
6.9657
6.9676
6.9687
6.9693
6.9697
6.9703
6.9687
6.9697
6.9692
6.9689
6.9695
6.9720
6.9719
6.9711
6.9702
6.9695
6.9694
6.9688
6.9681
6.9673
6.9675
6.9674
6.9653
6.9661
6.9656
6.9657
6.9659
6.9660
6.9665
6.9655
6.9649
6.9651
6.9652
6.9644
6.9650
