
6.9043
6.9320
6.9503
6.9770
6.9538
6.9711
6.9706
6.9682
6.9715
6.9787
6.9806
6.9868
6.9970
7.0009
6.9971
6.9996
7.0111
7.0112
7.0143
7.0222
7.0218
7.0202
7.0215
7.0238
7.0208
7.0164
7.0159
7.0151
7.0062
7.0098
7.0110
7.0129
7.0162
7.0133
7.0146
7.0104
7.0073
7.0076
7.0114
7.0121
7.0130
7.0162
7.0117
7.0130
7.0141
7.0127
7.0118
7.0116
7.0117
7.0101
7.0126
7.0150
7.0142
7.0162
7.0184
7.0187
7.0194
7.0195
7.0201
7.0197
7.0200
7.0219
7.0218
7.0228
7.0209
7.0222
7.0190
7.0173
7.0161
7.0149
7.0137
7.0120
7.0136
7.0102
7.0095
7.0118
7.0076
7.0054
7.0040
7.0028
6.9986
6.9971
6.9992
7.0010
7.0029
7.0008
7.0008
7.0024
7.0038
7.0060
7.0074
7.0080
7.0082
7.0082
7.0076
7.0084
7.0087
7.0080
7.0068
7.0061
