
7.5789
7.6094
7.4233
7.4201
7.5071
7.5009
7.5565
7.5307
7.4842
7.5319
7.5050
7.5080
7.4658
7.4295
7.4075
7.4344
7.4377
7.4218
7.4379
7.4251
7.4164
7.4132
7.4304
7.4086
7.4053
7.4112
7.4031
7.4083
7.4118
7.4284
7.4285
7.4239
7.4319
7.4271
7.4203
7.4165
7.4111
7.4092
7.4035
7.4052
7.4047
7.3993
7.3944
7.3924
7.3912
7.4012
7.4018
7.4011
7.4001
7.3967
7.3862
7.3812
7.3743
7.3727
7.3728
7.3773
7.3729
7.3747
7.3727
7.3720
7.3690
7.3641
7.3630
7.3652
7.3606
7.3588
7.3623
7.3591
7.3596
7.3597
7.3586
7.3554
7.3525
7.3445
7.3459
7.3482
7.3477
7.3437
7.3404
7.3365
7.3327
7.3314
7.3287
7.3256
7.3218
7.3221
7.3169
7.3145
7.3137
7.3105
7.3125
7.3117
7.3114
7.3091
7.3117
7.3116
7.3113
7.3114
7.3107
7.3106
