
7.2552
7.2489
7.2791
7.2794
7.3062
7.3060
7.2897
7.3108
7.3218
7.3233
7.3067
7.3215
7.3371
7.3247
7.3058
7.2941
7.2797
7.2833
7.2711
7.2732
7.2782
7.2900
7.3029
7.3082
7.3188
7.3289
7.3416
7.3364
7.3474
7.3505
7.3585
7.3650
7.3630
7.3679
7.3810
7.3839
7.3716
7.3795
7.3810
7.3761
7.3708
7.3790
7.3734
7.3846
7.3891
7.3919
7.3976
7.3993
7.4100
7.4056
7.4026
7.4047
7.3970
7.3967
7.3886
7.3908
7.3882
7.3836
7.3808
7.3804
7.3862
7.3900
7.3874
7.3875
7.3896
7.3897
7.3873
7.3883
7.3942
7.3949
7.3944
7.3947
7.3949
7.3940
7.3902
7.3901
7.3844
7.3796
7.3796
7.3784
7.3771
7.3806
7.3808
7.3789
7.3779
7.3731
7.3726
7.3716
7.3748
7.3771
7.3757
7.3724
7.3744
7.3742
7.3689
7.3686
7.3686
7.3711
7.3737
7.3718
