
6.9417
7.1196
7.0464
7.0450
7.0606
7.0369
7.0510
7.0009
7.0079
6.9933
7.0125
7.0046
6.9993
7.0072
7.0235
7.0177
7.0221
7.0333
7.0399
7.0481
7.0418
7.0464
7.0472
7.0489
7.0487
7.0581
7.0642
7.0651
7.0653
7.0617
7.0706
7.0688
7.0630
7.0692
7.0681
7.0747
7.0750
7.0715
7.0755
7.0699
7.0688
7.0754
7.0707
7.0749
7.0670
7.0685
7.0686
7.0693
7.0748
7.0743
7.0800
7.0803
7.0851
7.0906
7.0832
7.0881
7.0897
7.0946
7.0914
7.0972
7.0956
7.0976
7.0992
7.1017
7.1027
7.1054
7.1024
7.1015
7.1072
7.1083
7.1067
7.1087
7.1124
7.1135
7.1104
7.1169
7.1189
7.1248
7.1255
7.1277
7.1301
7.1315
7.1364
7.1401
7.1438
7.1407
7.1404
7.1449
7.1520
7.1486
7.1521
7.1553
7.1570
7.1587
7.1597
7.1628
7.1598
7.1622
7.1660
7.1620
