
6.9354
6.9035
6.8801
6.8742
6.8848
6.9120
6.9074
6.8929
6.8965
6.9029
6.8978
6.8940
6.8988
6.9017
6.9034
6.9057
6.9070
6.9057
6.9106
6.9193
6.9201
6.9226
6.9247
6.9233
6.9242
6.9222
6.9255
6.9221
6.9260
6.9254
6.9238
6.9221
6.9236
6.9228
6.9234
6.9233
6.9222
6.9193
6.9171
6.9166
6.9202
6.9197
6.9183
6.9180
6.9165
6.9160
6.9146
6.9137
6.9140
6.9129
6.9106
6.9090
6.9099
6.9091
6.9098
6.9090
6.9100
6.9093
6.9101
6.9096
6.9092
6.9058
6.9062
6.9079
6.9088
6.9078
6.9087
6.9090
6.9098
6.9103
6.9104
6.9112
6.9114
6.9105
6.9086
6.9094
6.9103
6.9103
6.9123
6.9116
6.9120
6.9126
6.9130
6.9143
6.9142
6.9150
6.9148
6.9152
6.9151
6.9152
6.9146
6.9143
6.9152
6.9150
6.9149
6.9140
6.9141
6.9140
6.9146
6.9141
