
6.9411
6.9902
6.9967
6.9721
6.9564
6.9488
6.9468
6.9345
6.9385
6.9417
6.9304
6.9258
6.9178
6.9234
6.9179
6.9210
6.9244
6.9289
6.9306
6.9286
6.9275
6.9264
6.9276
6.9247
6.9298
6.9290
6.9275
6.9298
6.9277
6.9296
6.9297
6.9321
6.9309
6.9305
6.9313
6.9292
6.9315
6.9291
6.9320
6.9282
6.9271
6.9267
6.9255
6.9254
6.9244
6.9233
6.9249
6.9253
6.9245
6.9240
6.9244
6.9234
6.9226
6.9202
6.9196
6.9192
6.9177
6.9167
6.9159
6.9157
6.9159
6.9170
6.9170
6.9159
6.9161
6.9154
6.9147
6.9153
6.9151
6.9147
6.9158
6.9165
6.9167
6.9173
6.9170
6.9166
6.9146
6.9147
6.9137
6.9122
6.9135
6.9145
6.9142
6.9145
6.9142
6.9141
6.9143
6.9129
6.9139
6.9146
6.9154
6.9157
6.9162
6.9168
6.9169
6.9166
6.9169
6.9169
6.9162
6.9149
