
6.9438
6.9256
6.9411
6.9378
6.9270
6.9401
6.9396
6.9275
6.9297
6.9337
6.9323
6.9406
6.9396
6.9438
6.9375
6.9492
6.9494
6.9457
6.9482
6.9465
6.9468
6.9488
6.9450
6.9456
6.9450
6.9389
6.9394
6.9392
6.9385
6.9375
6.9329
6.9344
6.9359
6.9350
6.9315
6.9312
6.9301
6.9303
6.9311
6.9301
6.9312
6.9344
6.9363
6.9353
6.9346
6.9348
6.9338
6.9319
6.9315
6.9303
6.9295
6.9294
6.9306
6.9308
6.9315
6.9323
6.9312
6.9304
6.9306
6.9292
6.9287
6.9300
6.9314
6.9300
6.9306
6.9321
6.9314
6.9315
6.9310
6.9308
6.9309
6.9291
6.9286
6.9282
6.9262
6.9257
6.9273
6.9253
6.9246
6.9249
6.9264
6.9259
6.9274
6.9276
6.9274
6.9272
6.9265
6.9259
6.9242
6.9236
6.9237
6.9229
6.9220
6.9228
6.9223
6.9228
6.9233
6.9237
6.9241
6.9240
