
7.1836
7.0413
7.0507
7.0568
7.0723
7.1101
7.1333
7.1707
7.1593
7.1713
7.1969
7.1820
7.1754
7.1681
7.1766
7.1810
7.1682
7.1656
7.1650
7.1592
7.1569
7.1589
7.1596
7.1548
7.1564
7.1637
7.1578
7.1572
7.1552
7.1500
7.1419
7.1449
7.1458
7.1485
7.1474
7.1413
7.1453
7.1456
7.1439
7.1410
7.1424
7.1393
7.1346
7.1284
7.1285
7.1332
7.1320
7.1341
7.1359
7.1329
7.1335
7.1324
7.1344
7.1317
7.1309
7.1301
7.1275
7.1307
7.1330
7.1315
7.1309
7.1310
7.1326
7.1406
7.1402
7.1437
7.1453
7.1467
7.1469
7.1468
7.1494
7.1499
7.1456
7.1427
7.1411
7.1417
7.1420
7.1386
7.1387
7.1383
7.1367
7.1360
7.1365
7.1351
7.1362
7.1334
7.1317
7.1334
7.1338
7.1351
7.1326
7.1337
7.1312
7.1295
7.1295
7.1295
7.1287
7.1298
7.1316
7.1318
