
6.9141
6.8334
6.8774
6.9584
6.9403
6.9411
6.9333
6.9318
6.9251
6.9217
6.9228
6.9318
6.9270
6.9395
6.9491
6.9547
6.9559
6.9588
6.9549
6.9473
6.9472
6.9443
6.9441
6.9544
6.9557
6.9561
6.9561
6.9549
6.9547
6.9590
6.9553
6.9621
6.9578
6.9568
6.9563
6.9562
6.9605
6.9583
6.9622
6.9604
6.9628
6.9641
6.9653
6.9623
6.9616
6.9624
6.9599
6.9608
6.9604
6.9574
6.9588
6.9552
6.9522
6.9517
6.9529
6.9538
6.9523
6.9536
6.9530
6.9569
6.9555
6.9546
6.9564
6.9550
6.9552
6.9536
6.9565
6.9573
6.9576
6.9557
6.9562
6.9558
6.9574
6.9577
6.9597
6.9589
6.9590
6.9580
6.9588
6.9594
6.9583
6.9592
6.9601
6.9604
6.9588
6.9566
6.9576
6.9570
6.9575
6.9575
6.9579
6.9582
6.9587
6.9581
6.9563
6.9557
6.9554
6.9556
6.9561
6.9563
