
7.0795
7.0399
7.0466
7.0586
7.0592
7.0587
7.0879
7.0723
7.0592
7.0499
7.0435
7.0306
7.0301
7.0313
7.0302
7.0370
7.0366
7.0414
7.0440
7.0417
7.0416
7.0399
7.0441
7.0450
7.0407
7.0404
7.0407
7.0432
7.0434
7.0494
7.0455
7.0438
7.0475
7.0454
7.0479
7.0510
7.0509
7.0502
7.0495
7.0470
7.0449
7.0501
7.0510
7.0483
7.0492
7.0473
7.0470
7.0458
7.0463
7.0457
7.0456
7.0465
7.0441
7.0436
7.0430
7.0450
7.0432
7.0454
7.0438
7.0439
7.0445
7.0443
7.0410
7.0397
7.0390
7.0372
7.0379
7.0390
7.0377
7.0369
7.0376
7.0387
7.0384
7.0375
7.0364
7.0366
7.0372
7.0358
7.0349
7.0313
7.0322
7.0315
7.0327
7.0319
7.0313
7.0324
7.0315
7.0298
7.0292
7.0278
7.0275
7.0265
7.0268
7.0271
7.0284
7.0276
7.0264
7.0257
7.0257
7.0250
