
6.7677
6.8571
6.8724
6.8928
6.9037
6.9116
6.9130
6.9169
6.9255
6.9229
6.9287
6.9245
6.9229
6.9256
6.9243
6.9234
6.9280
6.9309
6.9305
6.9267
6.9233
6.9205
6.9171
6.9131
6.9131
6.9103
6.9129
6.9127
6.9141
6.9122
6.9115
6.9100
6.9083
6.9076
6.9085
6.9096
6.9112
6.9115
6.9129
6.9142
6.9162
6.9168
6.9163
6.9153
6.9148
6.9150
6.9153
6.9129
6.9127
6.9124
6.9126
6.9148
6.9149
6.9150
6.9148
6.9147
6.9134
6.9131
6.9157
6.9173
6.9170
6.9158
6.9168
6.9171
6.9186
6.9175
6.9178
6.9178
6.9181
6.9178
6.9173
6.9179
6.9177
6.9181
6.9191
6.9173
6.9157
6.9160
6.9168
6.9169
6.9167
6.9154
6.9145
6.9140
6.9144
6.9148
6.9152
6.9150
6.9157
6.9157
6.9158
6.9160
6.9165
6.9170
6.9168
6.9165
6.9164
6.9160
6.9162
6.9163
