
6.8802
6.9642
6.9883
6.9655
6.9637
6.9562
6.9420
6.9435
6.9488
6.9466
6.9394
6.9433
6.9429
6.9394
6.9444
6.9444
6.9484
6.9523
6.9543
6.9550
6.9531
6.9557
6.9579
6.9556
6.9517
6.9525
6.9545
6.9577
6.9585
6.9586
6.9540
6.9545
6.9563
6.9558
6.9504
6.9580
6.9589
6.9591
6.9628
6.9628
6.9649
6.9643
6.9664
6.9661
6.9648
6.9660
6.9687
6.9703
6.9724
6.9708
6.9714
6.9703
6.9696
6.9683
6.9702
6.9712
6.9709
6.9722
6.9726
6.9741
6.9748
6.9756
6.9763
6.9790
6.9801
6.9797
6.9810
6.9837
6.9830
6.9844
6.9854
6.9863
6.9866
6.9882
6.9890
6.9892
6.9887
6.9876
6.9886
6.9868
6.9891
6.9888
6.9882
6.9892
6.9883
6.9875
6.9860
6.9869
6.9861
6.9868
6.9887
6.9905
6.9896
6.9894
6.9886
6.9892
6.9872
6.9862
6.9862
6.9855
