
7.1345
7.2385
7.1558
7.0384
7.0855
7.0603
7.0442
7.0420
7.0837
7.1025
7.0720
7.0737
7.0637
7.0581
7.0676
7.0745
7.0625
7.0774
7.0776
7.0816
7.0930
7.0907
7.0953
7.0918
7.0924
7.0841
7.0887
7.0863
7.0967
7.0996
7.0989
7.1011
7.1041
7.1159
7.1145
7.1158
7.1118
7.1108
7.1150
7.1267
7.1268
7.1276
7.1301
7.1345
7.1362
7.1417
7.1444
7.1511
7.1546
7.1598
7.1623
7.1623
7.1612
7.1619
7.1625
7.1632
7.1663
7.1673
7.1683
7.1692
7.1680
7.1666
7.1645
7.1632
7.1625
7.1618
7.1626
7.1657
7.1698
7.1707
7.1712
7.1751
7.1708
7.1702
7.1686
7.1693
7.1697
7.1703
7.1706
7.1728
7.1755
7.1755
7.1761
7.1786
7.1809
7.1807
7.1794
7.1801
7.1806
7.1816
7.1818
7.1792
7.1784
7.1769
7.1797
7.1777
7.1768
7.1784
7.1792
7.1777
