
6.7696
6.8520
6.8458
6.8904
6.9119
6.9232
6.9732
6.9828
7.0497
7.0308
7.0627
7.0762
7.0778
7.0724
7.0857
7.0839
7.0792
7.0762
7.0861
7.1008
7.1074
7.1003
7.1008
7.1083
7.1089
7.1030
7.1054
7.1100
7.1037
7.1049
7.1053
7.1069
7.1106
7.1265
7.1272
7.1326
7.1324
7.1317
7.1238
7.1246
7.1247
7.1165
7.1183
7.1162
7.1122
7.1114
7.1113
7.1104
7.1102
7.1097
7.1075
7.1083
7.1097
7.1063
7.1097
7.1120
7.1112
7.1105
7.1102
7.1118
7.1138
7.1132
7.1104
7.1095
7.1103
7.1101
7.1109
7.1108
7.1120
7.1133
7.1106
7.1108
7.1106
7.1122
7.1114
7.1126
7.1106
7.1098
7.1100
7.1108
7.1072
7.1069
7.1066
7.1045
7.1038
7.1023
7.1071
7.1056
7.1038
7.1031
7.1005
7.1004
7.0986
7.0991
7.0999
7.0974
7.0959
7.0960
7.0954
7.0981
