
6.9135
6.9702
6.9584
6.9586
6.9675
6.9698
6.9669
6.9767
6.9802
6.9789
6.9750
6.9676
6.9684
6.9698
6.9657
6.9663
6.9635
6.9661
6.9651
6.9642
6.9617
6.9575
6.9599
6.9639
6.9601
6.9582
6.9540
6.9536
6.9573
6.9575
6.9562
6.9599
6.9564
6.9558
6.9538
6.9528
6.9537
6.9528
6.9553
6.9572
6.9560
6.9563
6.9540
6.9525
6.9538
6.9527
6.9541
6.9537
6.9539
6.9536
6.9520
6.9523
6.9507
6.9488
6.9493
6.9490
6.9493
6.9485
6.9495
6.9495
6.9485
6.9476
6.9469
6.9466
6.9439
6.9434
6.9444
6.9434
6.9445
6.9462
6.9470
6.9472
6.9478
6.9466
6.9474
6.9471
6.9478
6.9468
6.9476
6.9484
6.9484
6.9491
6.9494
6.9498
6.9490
6.9484
6.9477
6.9473
6.9467
6.9460
6.9471
6.9473
6.9481
6.9484
6.9484
6.9485
6.9487
6.9486
6.9481
6.9495
