
7.0679
7.0744
7.0637
7.0545
7.0673
7.0745
7.0989
7.0803
7.0574
7.0201
7.0060
7.0055
7.0036
7.0054
7.0240
7.0266
7.0270
7.0282
7.0246
7.0248
7.0317
7.0303
7.0263
7.0227
7.0263
7.0258
7.0359
7.0323
7.0298
7.0362
7.0304
7.0358
7.0335
7.0382
7.0348
7.0357
7.0345
7.0332
7.0337
7.0320
7.0327
7.0329
7.0325
7.0266
7.0293
7.0256
7.0317
7.0300
7.0310
7.0337
7.0356
7.0359
7.0405
7.0410
7.0409
7.0409
7.0424
7.0435
7.0445
7.0417
7.0442
7.0450
7.0441
7.0428
7.0447
7.0459
7.0450
7.0450
7.0421
7.0401
7.0422
7.0406
7.0406
7.0421
7.0460
7.0482
7.0485
7.0471
7.0488
7.0502
7.0509
7.0523
7.0522
7.0546
7.0501
7.0515
7.0542
7.0540
7.0524
7.0526
7.0512
7.0539
7.0533
7.0524
7.0527
7.0557
7.0543
7.0563
7.0582
7.0592
