
7.0691
7.0710
7.0048
7.0233
7.0172
7.0352
7.0269
7.0299
7.0204
7.0105
7.0159
7.0100
7.0170
7.0128
7.0085
7.0117
7.0146
7.0199
7.0209
7.0291
7.0301
7.0280
7.0256
7.0224
7.0189
7.0169
7.0205
7.0180
7.0161
7.0122
7.0110
7.0081
7.0064
7.0081
7.0090
7.0059
7.0038
7.0028
7.0021
7.0019
7.0038
7.0057
7.0038
7.0048
7.0038
7.0029
7.0005
6.9991
6.9976
6.9961
6.9943
6.9962
6.9959
6.9961
6.9937
6.9940
6.9930
6.9939
6.9924
6.9922
6.9921
6.9937
6.9937
6.9937
6.9928
6.9941
6.9952
6.9948
6.9940
6.9933
6.9919
6.9919
6.9927
6.9921
6.9914
6.9904
6.9903
6.9892
6.9883
6.9879
6.9882
6.9883
6.9883
6.9876
6.9870
6.9872
6.9870
6.9876
6.9880
6.9875
6.9876
6.9869
6.9867
6.9874
6.9868
6.9876
6.9862
6.9857
6.9857
6.9850
