
6.9401
6.9455
7.0151
7.0210
7.0054
6.9992
7.0118
7.0106
7.0056
7.0051
6.9984
6.9953
6.9982
6.9996
6.9947
6.9923
6.9891
6.9895
6.9911
6.9929
6.9932
6.9945
6.9952
6.9982
6.9995
6.9991
6.9958
6.9977
6.9995
6.9995
7.0018
6.9988
6.9982
6.9991
6.9989
7.0005
7.0014
7.0015
7.0003
6.9982
6.9958
6.9985
6.9986
6.9988
6.9989
7.0000
6.9988
6.9980
6.9980
6.9979
6.9975
6.9963
6.9973
6.9965
6.9958
6.9957
6.9950
6.9959
6.9957
6.9951
6.9943
6.9949
6.9953
6.9951
6.9941
6.9949
6.9957
6.9935
6.9934
6.9935
6.9940
6.9940
6.9946
6.9946
6.9945
6.9942
6.9944
6.9931
6.9925
6.9948
6.9937
6.9932
6.9935
6.9942
6.9952
6.9959
6.9964
6.9962
6.9953
6.9952
6.9949
6.9950
6.9951
6.9946
6.9951
6.9967
6.9962
6.9960
6.9958
6.9958
