
7.0007
7.0312
7.0315
7.0107
7.0179
7.0172
7.0095
7.0138
7.0186
7.0025
6.9943
6.9927
6.9927
6.9994
7.0001
6.9969
7.0018
7.0011
7.0011
7.0065
7.0090
7.0082
7.0050
7.0013
7.0054
7.0045
7.0037
7.0031
7.0020
7.0021
7.0026
7.0012
7.0006
7.0005
7.0028
7.0027
7.0008
7.0022
7.0021
7.0009
6.9986
6.9968
6.9966
6.9973
6.9959
6.9947
6.9950
6.9940
6.9934
6.9943
6.9952
6.9945
6.9950
6.9944
6.9926
6.9921
6.9919
6.9916
6.9925
6.9925
6.9925
6.9927
6.9919
6.9921
6.9934
6.9933
6.9921
6.9922
6.9920
6.9910
6.9921
6.9919
6.9919
6.9911
6.9912
6.9921
6.9911
6.9902
6.9900
6.9908
6.9913
6.9916
6.9919
6.9904
6.9896
6.9905
6.9911
6.9905
6.9898
6.9903
6.9894
6.9898
6.9896
6.9904
6.9908
6.9911
6.9907
6.9902
6.9904
6.9905
