
6.9661
7.0180
7.0041
7.0139
7.0165
7.0214
7.0345
7.0270
7.0286
7.0355
7.0410
7.0343
7.0349
7.0364
7.0337
7.0351
7.0288
7.0303
7.0286
7.0279
7.0296
7.0274
7.0268
7.0294
7.0279
7.0220
7.0251
7.0246
7.0216
7.0193
7.0194
7.0177
7.0184
7.0162
7.0116
7.0109
7.0105
7.0091
7.0099
7.0094
7.0098
7.0091
7.0081
7.0071
7.0056
7.0045
7.0029
7.0029
7.0021
7.0027
7.0034
7.0059
7.0056
7.0066
7.0071
7.0052
7.0041
7.0038
7.0017
7.0015
7.0022
7.0000
6.9992
6.9984
6.9979
6.9977
6.9978
6.9967
6.9958
6.9952
6.9951
6.9927
6.9943
6.9947
6.9941
6.9935
6.9945
6.9945
6.9952
6.9944
6.9947
6.9937
6.9933
6.9938
6.9936
6.9939
6.9938
6.9936
6.9952
6.9960
6.9956
6.9955
6.9944
6.9936
6.9936
6.9937
6.9934
6.9940
6.9950
6.9951
