
6.9809
6.9699
6.9835
6.9862
6.9800
6.9804
6.9833
6.9865
6.9797
6.9771
6.9821
6.9737
6.9644
6.9602
6.9633
6.9585
6.9593
6.9671
6.9661
6.9616
6.9634
6.9608
6.9595
6.9576
6.9544
6.9550
6.9538
6.9553
6.9557
6.9553
6.9541
6.9546
6.9549
6.9558
6.9568
6.9567
6.9567
6.9565
6.9551
6.9561
6.9566
6.9558
6.9564
6.9552
6.9579
6.9576
6.9583
6.9580
6.9580
6.9595
6.9606
6.9601
6.9586
6.9591
6.9601
6.9597
6.9591
6.9587
6.9581
6.9576
6.9584
6.9563
6.9571
6.9565
6.9572
6.9570
6.9583
6.9588
6.9592
6.9601
6.9612
6.9614
6.9614
6.9603
6.9595
6.9596
6.9584
6.9587
6.9595
6.9596
6.9607
6.9599
6.9598
6.9592
6.9594
6.9590
6.9595
6.9597
6.9601
6.9597
6.9607
6.9608
6.9611
6.9613
6.9619
6.9621
6.9614
6.9611
6.9610
6.9608
