
7.0377
7.0597
7.0581
7.0673
7.0440
7.0365
7.0380
7.0342
7.0251
7.0263
7.0099
7.0165
7.0155
7.0167
7.0097
7.0110
7.0122
7.0136
7.0107
7.0113
7.0122
7.0105
7.0120
7.0142
7.0124
7.0111
7.0103
7.0163
7.0150
7.0160
7.0143
7.0144
7.0143
7.0145
7.0151
7.0146
7.0161
7.0151
7.0147
7.0135
7.0145
7.0130
7.0124
7.0133
7.0126
7.0123
7.0117
7.0117
7.0120
7.0114
7.0124
7.0116
7.0119
7.0115
7.0125
7.0116
7.0134
7.0129
7.0142
7.0135
7.0142
7.0129
7.0115
7.0121
7.0113
7.0109
7.0115
7.0126
7.0122
7.0128
7.0122
7.0118
7.0125
7.0126
7.0136
7.0130
7.0138
7.0124
7.0113
7.0097
7.0098
7.0089
7.0072
7.0077
7.0069
7.0068
7.0054
7.0058
7.0056
7.0054
7.0054
7.0048
7.0054
7.0045
7.0055
7.0063
7.0063
7.0061
7.0061
7.0057
