
7.0474
7.0194
7.0117
7.0048
6.9873
6.9876
6.9839
6.9848
6.9932
7.0076
7.0086
6.9989
7.0018
6.9932
7.0022
7.0011
6.9952
6.9960
6.9898
6.9941
6.9962
6.9987
6.9957
7.0000
6.9986
6.9986
7.0003
7.0004
7.0031
7.0075
7.0065
7.0088
7.0057
7.0069
7.0039
7.0085
7.0124
7.0142
7.0125
7.0141
7.0149
7.0160
7.0160
7.0165
7.0174
7.0157
7.0179
7.0168
7.0183
7.0191
7.0181
7.0174
7.0146
7.0144
7.0158
7.0172
7.0171
7.0173
7.0176
7.0177
7.0191
7.0202
7.0195
7.0177
7.0184
7.0176
7.0185
7.0188
7.0194
7.0188
7.0182
7.0173
7.0172
7.0161
7.0175
7.0180
7.0184
7.0182
7.0183
7.0192
7.0188
7.0190
7.0179
7.0175
7.0168
7.0169
7.0160
7.0150
7.0159
7.0159
7.0156
7.0160
7.0161
7.0167
7.0162
7.0170
7.0179
7.0165
7.0166
7.0163
