
6.9819
7.0537
7.0761
7.0827
7.0734
7.0516
7.0391
7.0357
7.0214
7.0180
7.0157
7.0171
7.0223
7.0253
7.0287
7.0255
7.0307
7.0358
7.0323
7.0358
7.0359
7.0368
7.0354
7.0382
7.0386
7.0344
7.0320
7.0310
7.0347
7.0367
7.0382
7.0363
7.0349
7.0359
7.0352
7.0359
7.0337
7.0314
7.0306
7.0314
7.0340
7.0342
7.0338
7.0336
7.0357
7.0359
7.0339
7.0362
7.0377
7.0382
7.0374
7.0369
7.0363
7.0366
7.0368
7.0382
7.0374
7.0361
7.0364
7.0364
7.0342
7.0356
7.0340
7.0341
7.0355
7.0344
7.0348
7.0355
7.0361
7.0371
7.0372
7.0367
7.0346
7.0347
7.0336
7.0351
7.0349
7.0343
7.0339
7.0335
7.0331
7.0341
7.0346
7.0351
7.0342
7.0348
7.0343
7.0340
7.0354
7.0346
7.0348
7.0337
7.0333
7.0347
7.0336
7.0344
7.0345
7.0351
7.0351
7.0352
