
6.9599
6.9931
6.9967
6.9916
6.9998
7.0040
7.0060
7.0101
7.0078
7.0181
7.0203
7.0161
7.0164
7.0199
7.0172
7.0122
7.0112
7.0097
7.0056
7.0041
7.0030
6.9994
7.0021
7.0009
6.9994
6.9978
6.9971
6.9946
6.9927
6.9919
6.9957
6.9933
6.9945
6.9966
6.9952
6.9962
6.9946
6.9928
6.9915
6.9920
6.9926
6.9938
6.9937
6.9947
6.9948
6.9937
6.9934
6.9945
6.9951
6.9966
6.9958
6.9967
6.9990
6.9979
6.9973
6.9986
6.9981
6.9977
6.9972
6.9970
6.9958
6.9970
6.9983
6.9989
6.9985
6.9979
6.9970
6.9973
6.9970
6.9975
6.9970
6.9965
6.9969
6.9980
6.9971
6.9976
6.9985
6.9982
6.9984
6.9974
6.9969
6.9968
6.9972
6.9962
6.9971
6.9966
6.9964
6.9951
6.9965
6.9960
6.9960
6.9950
6.9956
6.9953
6.9951
6.9953
6.9948
6.9963
6.9961
6.9957
