
6.8392
6.8935
6.9453
6.9368
6.9428
6.9555
6.9563
6.9608
6.9637
6.9532
6.9571
6.9562
6.9559
6.9601
6.9655
6.9657
6.9717
6.9733
6.9703
6.9658
6.9687
6.9672
6.9675
6.9692
6.9714
6.9719
6.9696
6.9691
6.9685
6.9672
6.9656
6.9664
6.9677
6.9689
6.9682
6.9665
6.9689
6.9680
6.9657
6.9650
6.9651
6.9651
6.9658
6.9664
6.9659
6.9667
6.9667
6.9679
6.9689
6.9697
6.9699
6.9680
6.9684
6.9689
6.9685
6.9689
6.9679
6.9671
6.9679
6.9675
6.9681
6.9698
6.9703
6.9702
6.9718
6.9721
6.9725
6.9731
6.9735
6.9737
6.9717
6.9723
6.9730
6.9741
6.9730
6.9723
6.9740
6.9734
6.9728
6.9733
6.9733
6.9737
6.9745
6.9738
6.9738
6.9736
6.9732
6.9736
6.9739
6.9741
6.9744
6.9741
6.9746
6.9757
6.9748
6.9743
6.9744
6.9743
6.9736
6.9740
