
7.0672
7.0862
7.0397
7.0629
7.0414
7.0402
7.0289
7.0231
7.0240
7.0256
7.0176
7.0137
7.0144
7.0152
7.0155
7.0170
7.0111
7.0179
7.0211
7.0203
7.0182
7.0182
7.0202
7.0184
7.0173
7.0189
7.0161
7.0184
7.0176
7.0147
7.0157
7.0122
7.0114
7.0110
7.0099
7.0101
7.0079
7.0059
7.0068
7.0085
7.0069
7.0054
7.0054
7.0073
7.0042
7.0053
7.0055
7.0058
7.0078
7.0059
7.0047
7.0047
7.0053
7.0057
7.0061
7.0052
7.0058
7.0051
7.0054
7.0048
7.0041
7.0064
7.0069
7.0061
7.0043
7.0037
7.0051
7.0043
7.0051
7.0038
7.0022
7.0040
7.0033
7.0033
7.0039
7.0034
7.0032
7.0029
7.0030
7.0024
7.0019
7.0026
7.0026
7.0033
7.0039
7.0045
7.0046
7.0045
7.0052
7.0065
7.0058
7.0057
7.0058
7.0056
7.0066
7.0072
7.0069
7.0075
7.0078
7.0076
