
6.8927
6.8971
6.8999
6.8988
6.8946
6.8983
6.8946
6.8924
6.8980
6.8923
6.8849
6.8685
6.8619
6.8828
6.8904
6.8964
6.8928
6.8933
6.8904
6.8898
6.8874
6.8877
6.8907
6.8916
6.8945
6.8938
6.8944
6.8958
6.8966
6.8961
6.8964
6.8967
6.8967
6.8968
6.8965
6.8969
6.8967
6.8971
6.8971
6.8970
6.8969
6.8949
6.8946
6.8964
6.8958
6.8950
6.8953
6.8953
6.8954
6.8959
6.8946
6.8949
6.8951
6.8953
6.8943
6.8948
6.8947
6.8942
6.8943
6.8941
6.8948
6.8946
6.8954
6.8947
6.8933
6.8934
6.8939
6.8945
6.8932
6.8933
6.8934
6.8933
6.8935
6.8938
6.8949
6.8952
6.8951
6.8952
6.8955
6.8949
6.8948
6.8950
6.8951
6.8947
6.8938
6.8922
6.8922
6.8924
6.8930
6.8937
6.8940
6.8936
6.8935
6.8918
6.8910
6.8918
6.8914
6.8912
6.8922
6.8925
6.8905
6.8899
6.8881
6.8878
6.8878
6.8878
6.8871
6.8867
6.8862
6.8873
6.8876
6.8858
6.8857
6.8854
6.8860
6.8855
6.8852
6.8844
6.8838
6.8844
6.8840
6.8836
6.8823
6.8814
6.8811
6.8810
6.8813
6.8819
6.8819
6.8819
6.8820
6.8820
6.8815
6.8814
6.8802
6.8806
6.8808
6.8803
6.8793
6.8789
6.8789
6.8793
6.8787
6.8781
6.8781
6.8780
6.8770
6.8769
6.8774
6.8777
6.8777
6.8768
6.8766
6.8767
6.8766
6.8768
6.8771
6.8764
6.8757
6.8763
6.8762
6.8764
6.8764
6.8769
6.8769
6.8771
6.8767
6.8767
6.8766
6.8761
6.8755
6.8749
6.8755
6.8757
6.8752
6.8754
6.8751
6.8741
6.8743
6.8739
6.8737
6.8733
6.8734
6.8731
6.8733
6.8730
6.8724
6.8718
6.8715
6.8714
6.8722
6.8711
6.8705
6.8705
6.8703
6.8701
6.8701
6.8701
6.8698
6.8707
