
6.9017
6.8272
6.8398
6.8529
6.8633
6.8483
6.8470
6.8432
6.8279
6.8409
6.8557
6.8604
6.8575
6.8599
6.8598
6.8582
6.8585
6.8616
6.8639
6.8635
6.8574
6.8593
6.8641
6.8633
6.8677
6.8652
6.8587
6.8526
6.8513
6.8620
6.8626
6.8566
6.8589
6.8558
6.8564
6.8538
6.8548
6.8494
6.8499
6.8511
6.8521
6.8535
6.8547
6.8551
6.8559
6.8572
6.8585
6.8580
6.8587
6.8590
6.8556
6.8551
6.8567
6.8585
6.8547
6.8556
6.8533
6.8551
6.8545
6.8545
6.8525
6.8532
6.8531
6.8548
6.8534
6.8533
6.8536
6.8533
6.8537
6.8535
6.8537
6.8543
6.8542
6.8540
6.8543
6.8537
6.8571
6.8573
6.8582
6.8569
6.8548
6.8571
6.8564
6.8569
6.8554
6.8556
6.8540
6.8525
6.8525
6.8531
6.8529
6.8537
6.8544
6.8543
6.8547
6.8549
6.8550
6.8543
6.8557
6.8555
6.8548
6.8549
6.8535
6.8546
6.8542
6.8539
6.8538
6.8547
6.8554
6.8551
6.8554
6.8557
6.8549
6.8545
6.8545
6.8547
6.8543
6.8542
6.8542
6.8547
6.8549
6.8547
6.8552
6.8544
6.8535
6.8554
6.8536
6.8535
6.8532
6.8522
6.8539
6.8538
6.8546
6.8547
6.8544
6.8547
6.8550
6.8552
6.8550
6.8556
6.8546
6.8543
6.8545
6.8545
6.8550
6.8552
6.8552
6.8555
6.8554
6.8555
6.8556
6.8550
6.8554
6.8556
6.8557
6.8558
6.8564
6.8564
6.8559
6.8558
6.8555
6.8545
6.8536
6.8541
6.8540
6.8538
6.8527
6.8529
6.8525
6.8530
6.8530
6.8523
6.8525
6.8526
6.8523
6.8519
6.8513
6.8534
6.8534
6.8530
6.8531
6.8533
6.8529
6.8525
6.8524
6.8521
6.8512
6.8514
6.8515
6.8514
6.8514
6.8500
6.8496
6.8493
6.8499
6.8504
6.8506
6.8503
6.8494
6.8493
