
6.9907
6.9850
6.9757
6.9615
6.9592
6.9617
6.9601
6.9625
6.9593
6.9566
6.9544
6.9550
6.9532
6.9497
6.9487
6.9467
6.9452
6.9416
6.9393
6.9385
6.9404
6.9407
6.9390
6.9407
6.9385
6.9393
6.9397
6.9402
6.9390
6.9390
6.9390
6.9376
6.9375
6.9359
6.9360
6.9353
6.9351
6.9348
6.9353
6.9340
6.9332
6.9323
6.9318
6.9324
6.9311
6.9298
6.9294
6.9283
6.9283
6.9288
6.9282
6.9266
6.9262
6.9259
6.9261
6.9262
6.9263
6.9267
6.9269
6.9271
6.9268
6.9265
6.9260
6.9258
6.9255
6.9247
6.9239
6.9241
6.9240
6.9245
6.9249
6.9251
6.9251
6.9247
6.9247
6.9247
6.9241
6.9241
6.9242
6.9239
6.9235
6.9236
6.9235
6.9231
6.9229
6.9228
6.9226
6.9224
6.9225
6.9226
6.9229
6.9229
6.9230
6.9227
6.9227
6.9227
6.9225
6.9222
6.9217
6.9216
6.9214
6.9214
6.9215
6.9215
6.9214
6.9213
6.9212
6.9210
6.9211
6.9212
6.9212
6.9210
6.9210
6.9209
6.9208
6.9206
6.9206
6.9204
6.9205
6.9207
6.9206
6.9206
6.9206
6.9205
6.9204
6.9206
6.9206
6.9205
6.9205
6.9203
6.9203
6.9201
6.9199
6.9199
6.9200
6.9199
6.9198
6.9198
6.9198
6.9198
6.9196
6.9195
6.9194
6.9193
6.9193
6.9194
6.9194
6.9194
6.9193
6.9193
6.9192
6.9191
6.9190
6.9190
6.9191
6.9190
6.9188
6.9187
6.9186
6.9186
6.9186
6.9185
6.9185
6.9185
6.9184
6.9184
6.9184
6.9183
6.9183
6.9183
6.9182
6.9182
6.9181
6.9180
6.9179
6.9179
6.9178
6.9176
6.9175
6.9176
6.9176
6.9175
6.9175
6.9174
6.9173
6.9172
6.9172
6.9171
6.9170
6.9170
6.9170
6.9170
6.9171
6.9171
6.9171
6.9170
6.9170
6.9169
6.9168
6.9169
