
6.9008
6.8994
6.8993
6.9028
6.9046
6.9063
6.9064
6.9071
6.9086
6.9091
6.9095
6.9093
6.9096
6.9100
6.9099
6.9090
6.9092
6.9087
6.9089
6.9087
6.9085
6.9083
6.9088
6.9087
6.9095
6.9094
6.9090
6.9093
6.9095
6.9094
6.9097
6.9095
6.9096
6.9095
6.9093
6.9089
6.9088
6.9089
6.9084
6.9084
6.9086
6.9085
6.9085
6.9085
6.9090
6.9089
6.9094
6.9094
6.9094
6.9092
6.9092
6.9090
6.9089
6.9091
6.9091
6.9090
6.9091
6.9091
6.9088
6.9088
6.9088
6.9089
6.9090
6.9090
6.9089
6.9089
6.9090
6.9091
6.9093
6.9092
6.9092
6.9091
6.9092
6.9093
6.9090
6.9090
6.9090
6.9092
6.9093
6.9092
6.9092
6.9088
6.9084
6.9086
6.9084
6.9088
6.9088
6.9089
6.9091
6.9091
6.9091
6.9090
6.9091
6.9089
6.9088
6.9088
6.9086
6.9085
6.9084
6.9085
6.9088
6.9090
6.9089
6.9087
6.9088
6.9089
6.9089
6.9089
6.9089
6.9087
6.9089
6.9090
6.9090
6.9090
6.9089
6.9089
6.9089
6.9088
6.9087
6.9087
6.9086
6.9085
6.9085
6.9085
6.9086
6.9087
6.9087
6.9088
6.9087
6.9088
6.9088
6.9089
6.9089
6.9089
6.9090
6.9090
6.9090
6.9089
6.9089
6.9089
6.9089
6.9088
6.9088
6.9088
6.9087
6.9087
6.9086
6.9086
6.9087
6.9087
6.9087
6.9087
6.9087
6.9085
6.9084
6.9082
6.9083
6.9083
6.9082
6.9082
6.9080
6.9080
6.9081
6.9081
6.9083
6.9083
6.9083
6.9083
6.9084
6.9084
6.9083
6.9082
6.9081
6.9081
6.9081
6.9081
6.9081
6.9080
6.9080
6.9080
6.9080
6.9079
6.9078
6.9080
6.9080
6.9081
6.9083
6.9082
6.9082
6.9081
6.9081
6.9081
6.9081
6.9080
6.9081
6.9080
6.9080
6.9081
6.9081
6.9082
