
6.7499
6.8262
6.8466
6.8419
6.8562
6.8593
6.8637
6.8702
6.8664
6.8646
6.8575
6.8637
6.8572
6.8578
6.8640
6.8619
6.8690
6.8731
6.8670
6.8672
6.8649
6.8638
6.8650
6.8677
6.8673
6.8688
6.8688
6.8667
6.8697
6.8713
6.8705
6.8698
6.8715
6.8737
6.8715
6.8718
6.8736
6.8749
6.8757
6.8756
6.8765
6.8770
6.8776
6.8778
6.8778
6.8785
6.8773
6.8760
6.8758
6.8754
6.8749
6.8756
6.8735
6.8730
6.8729
6.8722
6.8738
6.8748
6.8737
6.8733
6.8712
6.8720
6.8726
6.8723
6.8725
6.8720
6.8721
6.8716
6.8700
6.8704
6.8720
6.8718
6.8713
6.8701
6.8700
6.8697
6.8693
6.8687
6.8703
6.8701
6.8701
6.8707
6.8716
6.8721
6.8712
6.8714
6.8715
6.8712
6.8720
6.8721
6.8721
6.8723
6.8718
6.8719
6.8716
6.8720
6.8693
6.8702
6.8701
6.8699
6.8686
6.8690
6.8690
6.8685
6.8690
6.8698
6.8696
6.8696
6.8699
6.8703
6.8702
6.8697
6.8697
6.8706
6.8687
6.8683
6.8696
6.8681
6.8661
6.8662
6.8666
6.8675
6.8674
6.8672
6.8669
6.8673
6.8674
6.8672
6.8664
6.8666
6.8656
6.8659
6.8646
6.8630
6.8631
6.8618
6.8617
6.8611
6.8616
6.8613
6.8614
6.8617
6.8614
6.8616
6.8621
6.8613
6.8605
6.8611
6.8608
6.8612
6.8609
6.8609
6.8616
6.8618
6.8618
6.8615
6.8611
6.8610
6.8612
6.8612
6.8602
6.8604
6.8611
6.8610
6.8611
6.8611
6.8610
6.8607
6.8604
6.8609
6.8607
6.8604
6.8599
6.8594
6.8598
6.8596
6.8593
6.8599
6.8601
6.8599
6.8604
6.8604
6.8603
6.8604
6.8599
6.8600
6.8599
6.8594
6.8600
6.8601
6.8601
6.8601
6.8604
6.8604
6.8608
6.8613
6.8614
6.8616
6.8618
6.8617
