
6.9114
6.9072
6.8990
6.8865
6.8846
6.8906
6.8792
6.8741
6.8824
6.8612
6.8645
6.8608
6.8695
6.8662
6.8664
6.8690
6.8677
6.8624
6.8673
6.8717
6.8728
6.8722
6.8759
6.8751
6.8761
6.8749
6.8781
6.8788
6.8792
6.8766
6.8759
6.8767
6.8789
6.8800
6.8791
6.8797
6.8798
6.8812
6.8809
6.8827
6.8827
6.8831
6.8840
6.8842
6.8844
6.8838
6.8854
6.8860
6.8861
6.8859
6.8860
6.8849
6.8819
6.8811
6.8842
6.8858
6.8863
6.8846
6.8849
6.8846
6.8846
6.8851
6.8853
6.8846
6.8855
6.8852
6.8852
6.8853
6.8848
6.8842
6.8842
6.8850
6.8842
6.8841
6.8831
6.8836
6.8835
6.8827
6.8838
6.8842
6.8846
6.8849
6.8848
6.8845
6.8847
6.8845
6.8846
6.8849
6.8848
6.8841
6.8822
6.8821
6.8837
6.8825
6.8817
6.8806
6.8811
6.8817
6.8820
6.8821
6.8822
6.8823
6.8823
6.8817
6.8824
6.8827
6.8824
6.8829
6.8831
6.8823
6.8824
6.8826
6.8827
6.8833
6.8828
6.8828
6.8828
6.8825
6.8826
6.8825
6.8831
6.8826
6.8828
6.8821
6.8826
6.8837
6.8832
6.8829
6.8824
6.8826
6.8826
6.8827
6.8827
6.8825
6.8821
6.8821
6.8825
6.8825
6.8825
6.8824
6.8827
6.8822
6.8828
6.8825
6.8823
6.8825
6.8827
6.8828
6.8829
6.8830
6.8829
6.8831
6.8829
6.8828
6.8830
6.8823
6.8825
6.8820
6.8816
6.8818
6.8819
6.8818
6.8818
6.8819
6.8822
6.8823
6.8822
6.8821
6.8824
6.8826
6.8826
6.8829
6.8830
6.8825
6.8827
6.8830
6.8832
6.8831
6.8832
6.8830
6.8832
6.8834
6.8833
6.8830
6.8834
6.8835
6.8836
6.8837
6.8839
6.8838
6.8839
6.8840
6.8839
6.8839
6.8841
6.8843
6.8844
6.8846
6.8847
6.8849
