
6.8926
6.9115
6.8796
6.8773
6.8539
6.8707
6.8670
6.8630
6.8596
6.8570
6.8625
6.8652
6.8679
6.8724
6.8758
6.8751
6.8771
6.8764
6.8709
6.8723
6.8738
6.8768
6.8751
6.8699
6.8682
6.8662
6.8671
6.8649
6.8672
6.8682
6.8672
6.8629
6.8676
6.8668
6.8642
6.8649
6.8671
6.8678
6.8671
6.8671
6.8673
6.8675
6.8696
6.8698
6.8724
6.8736
6.8737
6.8733
6.8743
6.8735
6.8727
6.8719
6.8717
6.8686
6.8679
6.8691
6.8698
6.8706
6.8713
6.8713
6.8716
6.8718
6.8686
6.8673
6.8714
6.8716
6.8716
6.8714
6.8702
6.8687
6.8684
6.8660
6.8668
6.8646
6.8652
6.8633
6.8620
6.8594
6.8610
6.8603
6.8600
6.8622
6.8626
6.8618
6.8620
6.8632
6.8637
6.8648
6.8640
6.8645
6.8650
6.8647
6.8651
6.8648
6.8653
6.8655
6.8662
6.8652
6.8656
6.8651
6.8628
6.8629
6.8640
6.8641
6.8648
6.8652
6.8653
6.8657
6.8657
6.8662
6.8658
6.8666
6.8667
6.8663
6.8662
6.8664
6.8668
6.8658
6.8664
6.8669
6.8672
6.8664
6.8666
6.8668
6.8663
6.8655
6.8658
6.8659
6.8655
6.8654
6.8655
6.8642
6.8636
6.8636
6.8631
6.8625
6.8617
6.8620
6.8619
6.8619
6.8620
6.8628
6.8630
6.8634
6.8628
6.8611
6.8615
6.8620
6.8620
6.8620
6.8617
6.8619
6.8622
6.8624
6.8616
6.8615
6.8629
6.8630
6.8632
6.8634
6.8633
6.8632
6.8633
6.8636
6.8640
6.8645
6.8645
6.8647
6.8640
6.8645
6.8632
6.8641
6.8640
6.8635
6.8629
6.8643
6.8630
6.8634
6.8636
6.8639
6.8638
6.8639
6.8640
6.8641
6.8642
6.8639
6.8636
6.8632
6.8633
6.8631
6.8642
6.8629
6.8631
6.8632
6.8632
6.8636
6.8633
6.8634
6.8633
6.8634
