
6.8942
6.8974
6.9015
6.8960
6.8948
6.8961
6.8797
6.8870
6.9016
6.9007
6.9025
6.9030
6.9027
6.9016
6.8995
6.9009
6.9006
6.9008
6.9015
6.8981
6.8981
6.8933
6.8899
6.8863
6.8911
6.8968
6.8989
6.9003
6.9004
6.9009
6.9014
6.9004
6.9005
6.9000
6.8998
6.9001
6.8998
6.8982
6.8972
6.8977
6.8981
6.8984
6.8986
6.8988
6.8992
6.8995
6.8998
6.9001
6.8987
6.8986
6.8991
6.8991
6.8997
6.8993
6.8982
6.8977
6.8996
6.9010
6.9010
6.9003
6.9000
6.9000
6.8998
6.8996
6.8987
6.8982
6.8987
6.8985
6.8993
6.8993
6.8987
6.8989
6.8990
6.8989
6.8992
6.8989
6.8994
6.8996
6.8988
6.8988
6.8987
6.8990
6.8993
6.8995
6.8989
6.8991
6.8987
6.8992
6.9001
6.9000
6.8997
6.8998
6.8996
6.8986
6.8988
6.8991
6.8994
6.8995
6.8997
6.8994
6.8988
6.8986
6.8987
6.8985
6.8991
6.8992
6.8993
6.8994
6.8995
6.8997
6.8996
6.8996
6.8997
6.8997
6.8996
6.9000
6.8997
6.9000
6.8999
6.8998
6.9000
6.9000
6.9002
6.9000
6.9000
6.8997
6.8998
6.8998
6.8999
6.8997
6.9000
6.9001
6.9002
6.8997
6.8994
6.8989
6.8989
6.8997
6.8997
6.9002
6.9000
6.9000
6.9001
6.9000
6.9002
6.9002
6.9005
6.9005
6.9005
6.9005
6.9006
6.9008
6.9007
6.9005
6.9006
6.9005
6.9005
6.9005
6.9005
6.9002
6.8991
6.8987
6.8998
6.8998
6.9001
6.9001
6.8999
6.8998
6.8998
6.8989
6.8990
6.8991
6.8987
6.8992
6.8994
6.8993
6.8990
6.8987
6.8985
6.8987
6.8976
6.8971
6.8984
6.8982
6.8980
6.8974
6.8984
6.8985
6.8984
6.8981
6.8978
6.8968
6.8969
6.8970
6.8971
6.8972
6.8972
6.8973
6.8973
6.8973
