
7.0756
6.9936
7.0007
6.9778
6.9505
6.9932
6.9568
6.9376
6.9412
6.9671
6.9838
7.0064
6.9892
6.9804
6.9762
6.9937
6.9892
6.9933
6.9784
6.9804
6.9805
6.9766
6.9749
6.9766
6.9644
6.9633
6.9755
6.9750
6.9793
6.9880
6.9896
6.9866
6.9856
6.9779
6.9801
6.9845
6.9883
6.9895
6.9967
7.0032
7.0038
7.0070
7.0057
7.0052
7.0062
7.0069
7.0014
6.9980
7.0012
7.0046
7.0033
7.0030
7.0006
7.0009
7.0017
6.9990
7.0029
7.0091
7.0075
7.0103
7.0108
7.0085
7.0098
7.0124
7.0092
7.0093
7.0124
7.0107
7.0108
7.0094
7.0126
7.0171
7.0224
7.0196
7.0236
7.0257
7.0302
7.0308
7.0283
7.0266
7.0243
7.0271
7.0244
7.0264
7.0276
7.0294
7.0282
7.0296
7.0287
7.0302
7.0293
7.0296
7.0301
7.0315
7.0338
7.0323
7.0315
7.0301
7.0334
7.0321
