
7.1013
7.1205
7.1756
7.1500
7.1592
7.0847
7.0455
7.0501
7.0294
6.9804
6.9685
6.9750
6.9822
6.9729
6.9729
6.9724
6.9843
6.9931
7.0014
7.0097
7.0212
7.0236
7.0191
7.0295
7.0307
7.0205
7.0274
7.0190
7.0249
7.0288
7.0288
7.0256
7.0287
7.0348
7.0341
7.0332
7.0368
7.0393
7.0441
7.0488
7.0474
7.0464
7.0562
7.0576
7.0567
7.0570
7.0580
7.0580
7.0551
7.0571
7.0599
7.0566
7.0593
7.0585
7.0593
7.0616
7.0612
7.0616
7.0599
7.0601
7.0560
7.0540
7.0559
7.0549
7.0598
7.0576
7.0532
7.0528
7.0537
7.0492
7.0456
7.0429
7.0413
7.0446
7.0469
7.0448
7.0476
7.0489
7.0451
7.0492
7.0520
7.0582
7.0604
7.0670
7.0692
7.0689
7.0690
7.0698
7.0692
7.0685
7.0679
7.0705
7.0741
7.0769
7.0785
7.0771
7.0825
7.0858
7.0911
7.0942
