
7.3567
7.1985
7.1399
7.0734
7.0795
7.1267
7.1102
7.1056
7.1187
7.1123
7.1055
7.1011
7.1023
7.0873
7.0847
7.0803
7.0743
7.0739
7.0784
7.0821
7.0684
7.0660
7.0614
7.0615
7.0697
7.0645
7.0644
7.0611
7.0608
7.0492
7.0503
7.0545
7.0471
7.0486
7.0457
7.0396
7.0378
7.0429
7.0449
7.0468
7.0412
7.0387
7.0349
7.0300
7.0268
7.0268
7.0269
7.0258
7.0276
7.0248
7.0222
7.0209
7.0174
7.0176
7.0146
7.0120
7.0088
7.0085
7.0090
7.0092
7.0099
7.0090
7.0077
7.0069
7.0029
7.0051
7.0038
7.0052
7.0028
7.0001
6.9990
6.9985
7.0012
7.0000
7.0013
7.0020
7.0011
7.0020
7.0018
7.0021
7.0025
7.0000
6.9980
6.9976
6.9981
6.9995
6.9975
6.9968
6.9977
6.9952
6.9937
6.9928
6.9912
6.9898
6.9902
6.9889
6.9890
6.9883
6.9881
6.9866
