
7.7171
8.0278
8.0362
7.9845
7.8639
7.7339
7.8233
7.8618
7.8733
7.9320
8.0139
8.0715
8.0692
8.0473
8.0236
8.0456
7.9734
7.9725
7.9644
7.9391
7.9264
7.9430
7.9424
7.9604
7.9562
7.9510
7.9595
7.9823
8.0019
8.0033
7.9935
8.0013
7.9926
7.9704
7.9699
7.9451
7.9477
7.9305
7.9343
7.9383
7.9303
7.9326
7.9403
7.9527
7.9612
7.9564
7.9200
7.9208
7.9182
7.9338
7.9388
7.9202
7.9473
7.9328
7.9285
7.9292
7.9116
7.9061
7.9012
7.9029
7.8882
7.8992
7.8958
7.8780
7.8768
7.8689
7.8565
7.8562
7.8492
7.8513
7.8504
7.8454
7.8344
7.8394
7.8287
7.8243
7.8280
7.8397
7.8404
7.8274
7.8344
7.8262
7.8241
7.8270
7.8293
7.8328
7.8349
7.8261
7.8282
7.8291
7.8232
7.8246
7.8217
7.8255
7.8231
7.8206
7.8184
7.8126
7.8131
7.8089
