
6.9470
6.9340
6.9628
6.9567
6.9489
6.9476
6.9517
6.9277
6.9050
6.8810
6.8891
6.8920
6.9072
6.9199
6.9199
6.9246
6.9314
6.9280
6.9278
6.9309
6.9297
6.9264
6.9311
6.9373
6.9521
6.9481
6.9505
6.9532
6.9584
6.9599
6.9652
6.9682
6.9639
6.9682
6.9645
6.9639
6.9635
6.9633
6.9607
6.9603
6.9614
6.9643
6.9576
6.9575
6.9585
6.9589
6.9588
6.9596
6.9558
6.9554
6.9577
6.9621
6.9619
6.9610
6.9599
6.9646
6.9617
6.9630
6.9678
6.9723
6.9731
6.9763
6.9743
6.9793
6.9812
6.9834
6.9825
6.9833
6.9827
6.9846
6.9878
6.9881
6.9857
6.9838
6.9847
6.9862
6.9882
6.9908
6.9886
6.9902
6.9905
6.9923
6.9935
6.9925
6.9957
6.9940
6.9930
6.9918
6.9903
6.9860
6.9863
6.9848
6.9844
6.9860
6.9868
6.9873
6.9872
6.9880
6.9882
6.9881
