
7.3532
7.3800
7.3368
7.3421
7.4679
7.4974
7.4593
7.4167
7.4280
7.4526
7.4671
7.4101
7.4097
7.4123
7.4257
7.4265
7.4448
7.4413
7.4800
7.4435
7.4403
7.4535
7.4518
7.4681
7.4563
7.4730
7.4762
7.4774
7.4794
7.4819
7.4940
7.4932
7.4939
7.4813
7.4972
7.4846
7.4741
7.4757
7.4811
7.4855
7.4768
7.4898
7.5025
7.5193
7.5184
7.5151
7.5157
7.5129
7.5175
7.5183
7.5317
7.5250
7.5388
7.5542
7.5613
7.5586
7.5644
7.5662
7.5695
7.5732
7.5676
7.5791
7.5899
7.5969
7.6082
7.6083
7.6115
7.6175
7.6253
7.6314
7.6249
7.6221
7.6162
7.6200
7.6247
7.6185
7.6152
7.6123
7.6259
7.6256
7.6383
7.6546
7.6559
7.6670
7.6702
7.6738
7.6758
7.6764
7.6817
7.6819
7.6907
7.6970
7.6950
7.6947
7.6994
7.7099
7.7118
7.7029
7.7057
7.7053
