
7.0299
7.1496
7.1184
7.0609
7.0402
7.1111
7.1407
7.1004
7.1007
7.1116
7.1164
7.1236
7.1207
7.1257
7.1085
7.0989
7.0917
7.0803
7.0869
7.0841
7.0894
7.0861
7.0896
7.0843
7.0901
7.0898
7.0950
7.0991
7.1041
7.1118
7.1143
7.1198
7.1038
7.1037
7.0991
7.0970
7.0945
7.0984
7.0951
7.0999
7.0979
7.0991
7.1018
7.1012
7.1008
7.1048
7.1020
7.0976
7.0993
7.0965
7.0907
7.0870
7.0778
7.0781
7.0806
7.0838
7.0863
7.0907
7.0931
7.0915
7.0956
7.0964
7.0938
7.0949
7.0914
7.0920
7.0949
7.0923
7.0934
7.0910
7.0904
7.0925
7.0914
7.0931
7.0939
7.0930
7.0875
7.0902
7.0916
7.0948
7.0949
7.0974
7.0935
7.0936
7.0932
7.0968
7.0984
7.1005
7.0991
7.0990
7.0986
7.0987
7.0986
7.1027
7.0995
7.0988
7.0985
7.1020
7.1034
7.1043
