
7.0487
7.2779
7.4266
7.2121
7.2034
7.2850
7.4939
7.5206
7.4601
7.4872
7.4440
7.4756
7.4835
7.4564
7.4806
7.4484
7.4688
7.4335
7.4147
7.4175
7.4197
7.4193
7.3739
7.3748
7.3764
7.3961
7.3914
7.3766
7.3838
7.3622
7.3436
7.3462
7.3481
7.3580
7.3602
7.3469
7.3484
7.3403
7.3260
7.3304
7.3367
7.3245
7.3240
7.3306
7.3341
7.3320
7.3293
7.3244
7.3223
7.3135
7.3088
7.3062
7.3036
7.2940
7.2915
7.2851
7.2854
7.2766
7.2745
7.2746
7.2729
7.2757
7.2778
7.2749
7.2694
7.2647
7.2556
7.2573
7.2561
7.2561
7.2527
7.2490
7.2473
7.2489
7.2469
7.2459
7.2448
7.2405
7.2477
7.2504
7.2453
7.2435
7.2414
7.2391
7.2356
7.2352
7.2376
7.2338
7.2301
7.2264
7.2225
7.2230
7.2225
7.2147
7.2176
7.2165
7.2150
7.2148
7.2174
7.2160
