
7.0926
7.2759
7.2609
7.1841
7.2228
7.1711
7.1412
7.1498
7.1197
7.1199
7.1058
7.1453
7.1610
7.1656
7.1650
7.1744
7.1776
7.1813
7.1834
7.1793
7.1779
7.1538
7.1628
7.1663
7.1720
7.1712
7.1636
7.1586
7.1514
7.1400
7.1341
7.1359
7.1273
7.1325
7.1236
7.1339
7.1364
7.1347
7.1370
7.1374
7.1452
7.1526
7.1467
7.1556
7.1622
7.1587
7.1512
7.1551
7.1524
7.1488
7.1548
7.1523
7.1502
7.1465
7.1450
7.1493
7.1487
7.1563
7.1569
7.1625
7.1675
7.1683
7.1684
7.1659
7.1719
7.1703
7.1727
7.1761
7.1780
7.1750
7.1777
7.1736
7.1761
7.1774
7.1831
7.1790
7.1765
7.1767
7.1697
7.1701
7.1723
7.1789
7.1758
7.1700
7.1674
7.1698
7.1679
7.1663
7.1652
7.1642
7.1670
7.1698
7.1703
7.1739
7.1776
7.1813
7.1822
7.1807
7.1819
7.1774
