
7.2151
7.0303
7.0160
7.0509
7.0919
7.0548
7.0674
7.0456
7.0203
7.0409
7.0736
7.0739
7.0896
7.0801
7.0733
7.0789
7.0665
7.0544
7.0549
7.0444
7.0373
7.0386
7.0403
7.0434
7.0446
7.0437
7.0514
7.0575
7.0509
7.0538
7.0559
7.0581
7.0573
7.0563
7.0609
7.0573
7.0577
7.0609
7.0519
7.0468
7.0519
7.0467
7.0490
7.0475
7.0486
7.0459
7.0450
7.0485
7.0471
7.0443
7.0459
7.0447
7.0440
7.0416
7.0389
7.0408
7.0374
7.0365
7.0391
7.0361
7.0365
7.0362
7.0353
7.0353
7.0404
7.0394
7.0389
7.0418
7.0434
7.0400
7.0374
7.0412
7.0431
7.0413
7.0439
7.0409
7.0426
7.0411
7.0397
7.0381
7.0355
7.0353
7.0313
7.0312
7.0321
7.0338
7.0337
7.0354
7.0334
7.0361
7.0361
7.0369
7.0343
7.0356
7.0347
7.0342
7.0321
7.0318
7.0298
7.0291
