
6.7928
6.7467
6.7777
6.7402
6.7257
6.7329
6.7264
6.7320
6.7189
6.7140
6.7015
6.7044
6.6998
6.6978
6.6929
6.6915
6.6912
6.6872
6.6739
6.6758
6.6761
6.6737
6.6731
6.6719
6.6760
6.6797
6.6782
6.6786
6.6778
6.6807
6.6822
6.6845
6.6802
6.6780
6.6768
6.6767
6.6767
6.6761
6.6746
6.6752
6.6730
6.6730
6.6696
6.6678
6.6656
6.6675
6.6676
6.6670
6.6646
6.6679
6.6685
6.6674
6.6683
6.6664
6.6673
6.6667
6.6674
6.6643
6.6662
6.6639
6.6642
6.6635
6.6619
6.6600
6.6576
6.6547
6.6535
6.6547
6.6542
6.6531
6.6525
6.6511
6.6519
6.6511
6.6510
6.6530
6.6515
6.6510
6.6508
6.6495
6.6482
6.6500
6.6499
6.6510
6.6485
6.6484
6.6483
6.6486
6.6486
6.6482
6.6474
6.6486
6.6490
6.6503
6.6497
6.6495
6.6485
6.6468
6.6470
6.6467
