
6.8827
6.9484
6.9628
6.9614
6.9631
6.9523
6.9468
6.9541
6.9717
6.9770
6.9763
6.9866
6.9824
6.9788
6.9840
6.9912
6.9919
6.9932
6.9838
6.9846
6.9804
6.9851
6.9879
6.9921
6.9931
6.9894
6.9907
6.9935
6.9912
6.9921
6.9900
6.9872
6.9829
6.9833
6.9844
6.9852
6.9798
6.9818
6.9861
6.9913
6.9891
6.9926
6.9922
6.9933
6.9921
6.9929
6.9944
6.9941
6.9950
6.9962
6.9972
6.9995
6.9997
7.0006
6.9985
6.9965
6.9962
7.0007
7.0020
7.0033
7.0057
7.0064
7.0077
7.0082
7.0085
7.0088
7.0103
7.0113
7.0129
7.0139
7.0143
7.0181
7.0194
7.0215
7.0222
7.0231
7.0246
7.0246
7.0246
7.0243
7.0252
7.0250
7.0249
7.0249
7.0263
7.0259
7.0269
7.0292
7.0312
7.0310
7.0341
7.0342
7.0339
7.0347
7.0357
7.0357
7.0352
7.0338
7.0346
7.0363
