
6.6510
6.5556
6.5370
6.5329
6.5863
6.6019
6.6084
6.6239
6.6448
6.6337
6.6161
6.6274
6.6201
6.6377
6.6384
6.6501
6.6487
6.6506
6.6543
6.6564
6.6439
6.6417
6.6426
6.6405
6.6402
6.6423
6.6360
6.6397
6.6423
6.6405
6.6386
6.6390
6.6420
6.6433
6.6418
6.6431
6.6423
6.6434
6.6422
6.6433
6.6435
6.6394
6.6380
6.6365
6.6360
6.6330
6.6326
6.6292
6.6253
6.6241
6.6240
6.6223
6.6218
6.6215
6.6201
6.6178
6.6190
6.6199
6.6187
6.6180
6.6187
6.6193
6.6182
6.6192
6.6195
6.6169
6.6170
6.6154
6.6156
6.6156
6.6171
6.6197
6.6206
6.6202
6.6191
6.6196
6.6204
6.6191
6.6200
6.6202
6.6201
6.6202
6.6211
6.6209
6.6203
6.6180
6.6181
6.6180
6.6176
6.6159
6.6146
6.6138
6.6129
6.6123
6.6114
6.6092
6.6103
6.6094
6.6098
6.6098
