
7.1926
7.2676
7.2299
7.2058
7.1957
7.1843
7.1790
7.1816
7.1936
7.1985
7.1954
7.1977
7.1823
7.1703
7.1754
7.1572
7.1540
7.1470
7.1390
7.1337
7.1410
7.1336
7.1334
7.1363
7.1294
7.1302
7.1252
7.1216
7.1186
7.1179
7.1193
7.1217
7.1206
7.1153
7.1124
7.1119
7.1098
7.1110
7.1093
7.1058
7.1083
7.1127
7.1139
7.1126
7.1144
7.1120
7.1143
7.1115
7.1078
7.1077
7.1093
7.1127
7.1109
7.1082
7.1060
7.1065
7.1082
7.1068
7.1043
7.1038
7.0993
7.0979
7.0972
7.0956
7.0940
7.0917
7.0915
7.0903
7.0891
7.0889
7.0887
7.0863
7.0839
7.0839
7.0832
7.0802
7.0806
7.0804
7.0770
7.0754
7.0739
7.0717
7.0713
7.0713
7.0715
7.0705
7.0699
7.0707
7.0688
7.0666
7.0656
7.0649
7.0640
7.0616
7.0589
7.0565
7.0567
7.0551
7.0540
7.0529
