
6.7614
6.7404
6.7390
6.7620
6.7448
6.7420
6.7655
6.7620
6.7644
6.7718
6.7824
6.7801
6.7781
6.7704
6.7671
6.7726
6.7764
6.7737
6.7689
6.7751
6.7820
6.7779
6.7797
6.7725
6.7738
6.7771
6.7777
6.7795
6.7811
6.7781
6.7781
6.7791
6.7787
6.7754
6.7752
6.7732
6.7740
6.7748
6.7736
6.7749
6.7738
6.7744
6.7738
6.7731
6.7748
6.7769
6.7767
6.7794
6.7790
6.7821
6.7805
6.7804
6.7813
6.7825
6.7827
6.7825
6.7838
6.7834
6.7832
6.7824
6.7811
6.7801
6.7794
6.7797
6.7813
6.7818
6.7820
6.7811
6.7796
6.7788
6.7772
6.7763
6.7765
6.7782
6.7771
6.7763
6.7760
6.7763
6.7765
6.7777
6.7770
6.7766
6.7754
6.7750
6.7731
6.7722
6.7706
6.7726
6.7726
6.7747
6.7738
6.7733
6.7704
6.7696
6.7694
6.7688
6.7689
6.7676
6.7673
6.7677
