
6.4491
6.5096
6.5109
6.5437
6.5540
6.5645
6.5953
6.5948
6.5986
6.6065
6.6167
6.6063
6.6186
6.6099
6.6157
6.6166
6.6221
6.6321
6.6350
6.6271
6.6255
6.6250
6.6324
6.6267
6.6230
6.6258
6.6238
6.6228
6.6273
6.6275
6.6259
6.6203
6.6221
6.6237
6.6234
6.6241
6.6262
6.6258
6.6248
6.6254
6.6243
6.6269
6.6271
6.6316
6.6313
6.6292
6.6284
6.6269
6.6244
6.6250
6.6223
6.6219
6.6198
6.6176
6.6163
6.6187
6.6149
6.6160
6.6168
6.6154
6.6104
6.6098
6.6117
6.6091
6.6101
6.6121
6.6103
6.6081
6.6082
6.6062
6.6071
6.6081
6.6084
6.6083
6.6085
6.6092
6.6086
6.6078
6.6063
6.6065
6.6084
6.6083
6.6075
6.6091
6.6102
6.6086
6.6095
6.6091
6.6098
6.6101
6.6106
6.6125
6.6110
6.6105
6.6107
6.6110
6.6101
6.6091
6.6105
6.6097
