
6.8277
6.7683
6.7811
6.7940
6.7925
6.7863
6.7749
6.7768
6.7781
6.7856
6.7868
6.7887
6.8004
6.7972
6.7987
6.8002
6.8008
6.7983
6.7992
6.8065
6.8064
6.8045
6.8072
6.8071
6.8103
6.8086
6.8134
6.8112
6.8110
6.8124
6.8134
6.8096
6.8077
6.8084
6.8075
6.8098
6.8101
6.8097
6.8114
6.8117
6.8112
6.8105
6.8092
6.8107
6.8132
6.8116
6.8106
6.8124
6.8134
6.8150
6.8124
6.8120
6.8097
6.8109
6.8111
6.8105
6.8084
6.8078
6.8070
6.8058
6.8037
6.8043
6.8044
6.8039
6.8016
6.8012
6.8012
6.8000
6.8003
6.7970
6.7972
6.7969
6.7956
6.7962
6.7966
6.7973
6.7974
6.7976
6.7989
6.7977
6.7979
6.7966
6.7941
6.7953
6.7957
6.7944
6.7948
6.7957
6.7958
6.7957
6.7955
6.7955
6.7951
6.7963
6.7963
6.7975
6.7981
6.7967
6.7973
6.7963
