
7.0136
6.9821
6.9520
6.9728
6.9743
6.9687
6.9596
6.9653
6.9620
6.9663
6.9656
6.9686
6.9573
6.9524
6.9420
6.9412
6.9355
6.9343
6.9339
6.9308
6.9348
6.9366
6.9392
6.9434
6.9448
6.9484
6.9483
6.9475
6.9440
6.9396
6.9336
6.9343
6.9366
6.9395
6.9407
6.9389
6.9373
6.9338
6.9310
6.9305
6.9296
6.9306
6.9315
6.9311
6.9276
6.9295
6.9324
6.9314
6.9323
6.9328
6.9334
6.9316
6.9327
6.9310
6.9311
6.9304
6.9306
6.9301
6.9301
6.9289
6.9291
6.9279
6.9291
6.9297
6.9295
6.9295
6.9290
6.9293
6.9288
6.9286
6.9269
6.9255
6.9237
6.9241
6.9225
6.9210
6.9212
6.9194
6.9175
6.9172
6.9175
6.9171
6.9155
6.9147
6.9143
6.9130
6.9117
6.9110
6.9095
6.9080
6.9069
6.9056
6.9045
6.9032
6.9032
6.9034
6.9038
6.9023
6.9019
6.9006
