
6.9124
6.8177
6.7498
6.7314
6.7285
6.7260
6.7440
6.7529
6.7615
6.7593
6.7578
6.7603
6.7657
6.7668
6.7635
6.7610
6.7571
6.7542
6.7507
6.7537
6.7605
6.7563
6.7599
6.7524
6.7501
6.7492
6.7503
6.7507
6.7557
6.7532
6.7528
6.7517
6.7489
6.7488
6.7461
6.7446
6.7468
6.7464
6.7438
6.7452
6.7446
6.7454
6.7437
6.7459
6.7481
6.7500
6.7483
6.7472
6.7440
6.7426
6.7425
6.7427
6.7401
6.7396
6.7407
6.7410
6.7420
6.7425
6.7431
6.7422
6.7421
6.7426
6.7407
6.7400
6.7387
6.7364
6.7370
6.7368
6.7358
6.7325
6.7317
6.7313
6.7311
6.7313
6.7304
6.7290
6.7282
6.7273
6.7294
6.7292
6.7289
6.7287
6.7276
6.7286
6.7276
6.7271
6.7270
6.7253
6.7266
6.7254
6.7260
6.7266
6.7266
6.7257
6.7240
6.7236
6.7246
6.7231
6.7229
6.7235
