
7.1143
7.0372
7.0290
7.0348
7.0447
7.0388
7.0399
7.0554
7.0485
7.0501
7.0520
7.0458
7.0346
7.0374
7.0309
7.0337
7.0316
7.0311
7.0315
7.0227
7.0227
7.0244
7.0210
7.0209
7.0232
7.0229
7.0195
7.0223
7.0227
7.0225
7.0215
7.0199
7.0186
7.0196
7.0161
7.0158
7.0170
7.0186
7.0181
7.0167
7.0159
7.0161
7.0155
7.0144
7.0139
7.0124
7.0121
7.0107
7.0115
7.0104
7.0080
7.0071
7.0087
7.0092
7.0093
7.0079
7.0068
7.0051
7.0051
7.0055
7.0051
7.0049
7.0039
7.0041
7.0039
7.0026
7.0036
7.0031
7.0017
7.0020
7.0017
7.0012
7.0011
7.0004
7.0003
6.9997
6.9998
6.9989
6.9982
6.9986
7.0001
7.0004
7.0002
7.0007
7.0010
7.0002
6.9991
6.9995
6.9989
6.9982
6.9981
6.9980
6.9981
6.9978
6.9976
6.9974
6.9979
6.9965
6.9956
6.9962
