
7.6267
7.6183
7.6142
7.6361
7.6015
7.6002
7.5909
7.5967
7.5791
7.5891
7.5865
7.5809
7.5795
7.5738
7.5783
7.5779
7.5759
7.5747
7.5742
7.5774
7.5748
7.5718
7.5681
7.5648
7.5600
7.5593
7.5635
7.5673
7.5646
7.5665
7.5630
7.5595
7.5595
7.5594
7.5595
7.5626
7.5603
7.5594
7.5597
7.5618
7.5614
7.5610
7.5649
7.5645
7.5629
7.5621
7.5613
7.5608
7.5603
7.5601
7.5599
7.5589
7.5615
7.5607
7.5606
7.5601
7.5594
7.5588
7.5582
7.5568
7.5567
7.5554
7.5547
7.5545
7.5538
7.5542
7.5554
7.5552
7.5565
7.5560
7.5550
7.5567
7.5556
7.5550
7.5544
7.5541
7.5537
7.5541
7.5542
7.5537
7.5533
7.5532
7.5530
7.5524
7.5526
7.5517
7.5515
7.5511
7.5519
7.5509
7.5508
7.5494
7.5485
7.5482
7.5479
7.5475
7.5473
7.5467
7.5459
7.5461
