
7.6121
7.5976
7.5581
7.5848
7.5616
7.6268
7.6261
7.6114
7.6000
7.5904
7.5813
7.5726
7.5757
7.5704
7.5654
7.5604
7.5564
7.5512
7.5611
7.5576
7.5630
7.5597
7.5573
7.5546
7.5537
7.5508
7.5485
7.5482
7.5515
7.5492
7.5469
7.5447
7.5434
7.5417
7.5405
7.5384
7.5369
7.5395
7.5385
7.5369
7.5357
7.5344
7.5342
7.5330
7.5349
7.5337
7.5323
7.5315
7.5307
7.5296
7.5288
7.5333
7.5329
7.5347
7.5339
7.5356
7.5410
7.5492
7.5481
7.5469
7.5485
7.5472
7.5487
7.5522
7.5513
7.5527
7.5518
7.5532
7.5520
7.5511
7.5503
7.5514
7.5509
7.5500
7.5490
7.5484
7.5475
7.5469
7.5459
7.5451
7.5455
7.5447
7.5445
7.5440
7.5448
7.5441
7.5439
7.5435
7.5430
7.5428
7.5421
7.5434
7.5429
7.5420
7.5414
7.5408
7.5403
7.5414
7.5409
7.5405
