
7.5183
7.4960
7.5004
7.5036
7.4996
7.4992
7.5023
7.5035
7.5065
7.5056
7.4985
7.5119
7.5148
7.5121
7.5175
7.5167
7.5175
7.5166
7.5163
7.5015
7.5079
7.5078
7.5152
7.5168
7.5159
7.5162
7.5168
7.5171
7.5206
7.5202
7.5193
7.5192
7.5192
7.5236
7.5228
7.5232
7.5226
7.5258
7.5258
7.5257
7.5265
7.5249
7.5254
7.5240
7.5236
7.5243
7.5241
7.5236
7.5239
7.5241
7.5244
7.5230
7.5228
7.5227
7.5226
7.5215
7.5218
7.5219
7.5226
7.5226
7.5231
7.5232
7.5234
7.5235
7.5236
7.5238
7.5240
7.5240
7.5232
7.5232
7.5224
7.5224
7.5228
7.5228
7.5227
7.5226
7.5218
7.5217
7.5222
7.5214
7.5214
7.5223
7.5241
7.5240
7.5242
7.5244
7.5251
7.5257
7.5271
7.5271
7.5289
7.5289
7.5284
7.5278
7.5280
7.5280
7.5282
7.5284
7.5285
7.5286
