
7.5622
7.6850
7.6005
7.5930
7.6491
7.6377
7.6647
7.6575
7.6427
7.6309
7.6376
7.6342
7.6271
7.6300
7.6268
7.6240
7.6279
7.6255
7.6220
7.6169
7.6230
7.6243
7.6271
7.6313
7.6350
7.6354
7.6354
7.6305
7.6302
7.6558
7.6625
7.6754
7.6833
7.6918
7.6895
7.6819
7.6762
7.6731
7.6748
7.6702
7.6699
7.6661
7.6619
7.6611
7.6612
7.6603
7.6598
7.6562
7.6534
7.6552
7.6550
7.6528
7.6550
7.6520
7.6523
7.6493
7.6462
7.6437
7.6412
7.6392
7.6393
7.6399
7.6375
7.6370
7.6367
7.6347
7.6350
7.6326
7.6309
7.6287
7.6292
7.6288
7.6288
7.6272
7.6253
7.6234
7.6253
7.6235
7.6220
7.6203
7.6186
7.6170
7.6148
7.6132
7.6115
7.6137
7.6126
7.6145
7.6130
7.6131
7.6113
7.6099
7.6087
7.6070
7.6062
7.6047
7.6034
7.6022
7.6024
7.6012
