
7.6336
7.6531
7.6310
7.6861
7.6658
7.6193
7.6192
7.6055
7.5782
7.5614
7.5516
7.5369
7.5395
7.5284
7.5353
7.5192
7.5117
7.5028
7.4970
7.4846
7.4697
7.4477
7.4408
7.4403
7.4360
7.4268
7.4160
7.4159
7.4250
7.4209
7.4139
7.4085
7.4040
7.3968
7.3866
7.3857
7.3810
7.3803
7.3823
7.3824
7.3793
7.3742
7.3710
7.3675
7.3661
7.3667
7.3615
7.3571
7.3563
7.3563
7.3506
7.3483
7.3482
7.3435
7.3369
7.3342
7.3366
7.3375
7.3389
7.3404
7.3398
7.3393
7.3400
7.3412
7.3424
7.3403
7.3356
7.3325
7.3334
7.3379
7.3383
7.3416
7.3407
7.3421
7.3421
7.3445
7.3435
7.3465
7.3498
7.3459
7.3494
7.3481
7.3515
7.3512
7.3538
7.3569
7.3596
7.3608
7.3608
7.3673
7.3711
7.3702
7.3705
7.3726
7.3718
7.3729
7.3750
7.3779
7.3788
7.3846
