
7.5418
7.5528
7.5971
7.5685
7.5863
7.5738
7.5828
7.5765
7.5665
7.5546
7.5518
7.5595
7.5542
7.5567
7.5603
7.5502
7.5480
7.5476
7.5455
7.5495
7.5469
7.5444
7.5603
7.5603
7.5600
7.5562
7.5629
7.5666
7.5684
7.5719
7.5693
7.5685
7.5674
7.5659
7.5645
7.5629
7.5618
7.5595
7.5596
7.5599
7.5642
7.5623
7.5607
7.5615
7.5612
7.5623
7.5617
7.5615
7.5600
7.5588
7.5606
7.5618
7.5605
7.5615
7.5617
7.5633
7.5663
7.5659
7.5654
7.5655
7.5675
7.5736
7.5724
7.5714
7.5713
7.5729
7.5746
7.5743
7.5727
7.5718
7.5727
7.5707
7.5713
7.5719
7.5704
7.5697
7.5692
7.5679
7.5689
7.5711
7.5710
7.5714
7.5702
7.5695
7.5698
7.5687
7.5709
7.5723
7.5732
7.5726
7.5714
7.5712
7.5711
7.5707
7.5707
7.5702
7.5687
7.5683
7.5674
7.5680
