
7.6590
7.6889
7.7430
7.6709
7.7334
7.7468
7.7663
7.7714
7.7579
7.7367
7.7283
7.7354
7.7526
7.7517
7.7525
7.7566
7.7618
7.7777
7.7871
7.7712
7.7639
7.7554
7.7474
7.7316
7.7360
7.7288
7.7334
7.7408
7.7442
7.7415
7.7464
7.7495
7.7484
7.7503
7.7571
7.7465
7.7462
7.7503
7.7512
7.7576
7.7634
7.7758
7.7770
7.7731
7.7751
7.7747
7.7792
7.7962
7.8013
7.8001
7.8011
7.8019
7.8051
7.8075
7.8061
7.8057
7.8077
7.8118
7.8122
7.8134
7.8139
7.8088
7.8109
7.8151
7.8145
7.8193
7.8234
7.8249
7.8271
7.8280
7.8277
7.8256
7.8259
7.8234
7.8245
7.8199
7.8202
7.8189
7.8190
7.8172
7.8187
7.8186
7.8172
7.8165
7.8149
7.8157
7.8228
7.8235
7.8255
7.8233
7.8239
7.8225
7.8218
7.8200
7.8202
7.8215
7.8192
7.8177
7.8167
7.8171
