
7.4892
7.4756
7.5707
7.5579
7.5465
7.5380
7.5319
7.5338
7.5314
7.5266
7.5228
7.5226
7.5213
7.5300
7.5273
7.5250
7.5234
7.5213
7.5206
7.5193
7.5248
7.5223
7.5276
7.5257
7.5252
7.5240
7.5282
7.5273
7.5252
7.5286
7.5281
7.5282
7.5285
7.5280
7.5278
7.5270
7.5256
7.5252
7.5238
7.5277
7.5264
7.5263
7.5275
7.5265
7.5267
7.5267
7.5259
7.5259
7.5247
7.5241
7.5234
7.5225
7.5218
7.5209
7.5207
7.5208
7.5231
7.5222
7.5218
7.5210
7.5234
7.5253
7.5252
7.5290
7.5311
7.5349
7.5347
7.5368
7.5372
7.5393
7.5407
7.5400
7.5418
7.5447
7.5473
7.5470
7.5500
7.5498
7.5485
7.5516
7.5547
7.5545
7.5542
7.5537
7.5531
7.5526
7.5537
7.5534
7.5553
7.5550
7.5545
7.5544
7.5542
7.5518
7.5512
7.5529
7.5523
7.5527
7.5521
7.5533
