
7.5295
7.5154
7.5388
7.5532
7.5538
7.5447
7.5327
7.5260
7.5246
7.5286
7.5286
7.5301
7.5281
7.5257
7.5190
7.5152
7.5162
7.5181
7.5196
7.5282
7.5259
7.5253
7.5250
7.5257
7.5247
7.5235
7.5281
7.5305
7.5317
7.5319
7.5402
7.5388
7.5379
7.5383
7.5385
7.5363
7.5381
7.5393
7.5435
7.5437
7.5430
7.5429
7.5433
7.5423
7.5417
7.5422
7.5408
7.5398
7.5388
7.5378
7.5380
7.5376
7.5395
7.5394
7.5423
7.5440
7.5466
7.5473
7.5476
7.5472
7.5461
7.5480
7.5480
7.5475
7.5463
7.5454
7.5485
7.5494
7.5488
7.5476
7.5464
7.5479
7.5478
7.5478
7.5471
7.5469
7.5498
7.5503
7.5499
7.5496
7.5499
7.5504
7.5501
7.5494
7.5510
7.5502
7.5500
7.5512
7.5509
7.5502
7.5505
7.5514
7.5512
7.5507
7.5507
7.5512
7.5509
7.5506
7.5516
7.5513
