
7.6024
7.6136
7.6055
7.6154
7.6275
7.6158
7.5975
7.6278
7.6209
7.6161
7.6064
7.6047
7.6076
7.5987
7.5990
7.5973
7.5941
7.6026
7.6011
7.5983
7.5939
7.5917
7.5889
7.5851
7.5842
7.5816
7.5734
7.5778
7.5755
7.5770
7.5765
7.5738
7.5722
7.5702
7.5707
7.5774
7.5771
7.5806
7.5838
7.5811
7.5805
7.5793
7.5776
7.5779
7.5782
7.5793
7.5777
7.5761
7.5764
7.5736
7.5730
7.5718
7.5716
7.5714
7.5710
7.5699
7.5717
7.5708
7.5698
7.5703
7.5700
7.5717
7.5714
7.5713
7.5690
7.5672
7.5667
7.5677
7.5697
7.5723
7.5715
7.5712
7.5714
7.5732
7.5726
7.5684
7.5676
7.5686
7.5683
7.5672
7.5667
7.5662
7.5655
7.5652
7.5676
7.5669
7.5681
7.5680
7.5671
7.5665
7.5666
7.5666
7.5656
7.5645
7.5635
7.5633
7.5623
7.5614
7.5606
7.5607
