
7.3340
7.1791
7.1284
7.1542
7.1485
7.1778
7.1779
7.1803
7.1608
7.1588
7.1700
7.1600
7.1654
7.1645
7.1495
7.1534
7.1589
7.1595
7.1618
7.1478
7.1523
7.1523
7.1522
7.1505
7.1521
7.1537
7.1523
7.1443
7.1443
7.1443
7.1452
7.1422
7.1389
7.1337
7.1340
7.1352
7.1428
7.1435
7.1450
7.1437
7.1435
7.1404
7.1410
7.1426
7.1420
7.1423
7.1434
7.1418
7.1425
7.1414
7.1381
7.1362
7.1416
7.1407
7.1396
7.1399
7.1390
7.1395
7.1413
7.1434
7.1446
7.1442
7.1465
7.1483
7.1468
7.1484
7.1455
7.1478
7.1505
7.1501
7.1501
7.1511
7.1508
7.1551
7.1527
7.1542
7.1542
7.1560
7.1561
7.1587
7.1577
7.1610
7.1605
7.1611
7.1619
7.1615
7.1628
7.1656
7.1654
7.1659
7.1670
7.1671
7.1668
7.1678
7.1648
7.1663
7.1672
7.1687
7.1702
7.1709
