
6.9950
7.2819
7.3134
7.2427
7.2215
7.2474
7.2420
7.2484
7.2757
7.3037
7.3310
7.3313
7.3168
7.3217
7.3116
7.3059
7.3272
7.3321
7.3353
7.3619
7.3526
7.3277
7.3373
7.3381
7.3366
7.3445
7.3483
7.3461
7.3547
7.3466
7.3451
7.3462
7.3531
7.3659
7.3709
7.3668
7.3699
7.3660
7.3664
7.3665
7.3663
7.3659
7.3711
7.3710
7.3733
7.3783
7.3781
7.3764
7.3772
7.3810
7.3817
7.3839
7.3850
7.3857
7.3879
7.3927
7.3953
7.3978
7.3973
7.3989
7.3958
7.3973
7.3948
7.3904
7.3886
7.3871
7.3879
7.3884
7.3890
7.3873
7.3892
7.3901
7.3882
7.3847
7.3880
7.3862
7.3885
7.3893
7.3887
7.3891
7.3897
7.3918
7.3899
7.3897
7.3873
7.3883
7.3907
7.3901
7.3913
7.3951
7.3969
7.3963
7.3974
7.3978
7.3986
7.3978
7.3982
7.3998
7.4002
7.3999
