
7.1445
7.0578
7.0277
7.0266
7.0173
7.0392
7.0566
7.0490
7.0522
7.0561
7.0484
7.0438
7.0476
7.0328
7.0381
7.0484
7.0523
7.0724
7.0804
7.0774
7.0856
7.0946
7.1008
7.1057
7.1094
7.1081
7.1104
7.1045
7.1064
7.1053
7.1054
7.1098
7.1153
7.1146
7.1096
7.1086
7.1110
7.1110
7.1120
7.1161
7.1135
7.1157
7.1142
7.1130
7.1146
7.1156
7.1116
7.1106
7.1110
7.1098
7.1071
7.1074
7.1069
7.1063
7.1072
7.1076
7.1093
7.1096
7.1091
7.1071
7.1093
7.1110
7.1117
7.1138
7.1126
7.1124
7.1106
7.1109
7.1100
7.1093
7.1110
7.1103
7.1111
7.1102
7.1110
7.1111
7.1111
7.1125
7.1115
7.1121
7.1114
7.1099
7.1101
7.1102
7.1085
7.1085
7.1100
7.1084
7.1107
7.1118
7.1126
7.1111
7.1104
7.1097
7.1100
7.1093
7.1130
7.1112
7.1105
7.1120
