
7.0238
6.9770
6.9679
6.9469
6.9650
6.9437
6.9333
6.9283
6.9244
6.9405
6.9378
6.9405
6.9449
6.9474
6.9442
6.9410
6.9446
6.9400
6.9433
6.9406
6.9346
6.9376
6.9431
6.9439
6.9418
6.9403
6.9388
6.9372
6.9352
6.9329
6.9362
6.9358
6.9336
6.9315
6.9343
6.9329
6.9321
6.9339
6.9326
6.9317
6.9317
6.9328
6.9319
6.9317
6.9302
6.9299
6.9276
6.9286
6.9295
6.9288
6.9289
6.9305
6.9325
6.9335
6.9340
6.9331
6.9327
6.9308
6.9291
6.9274
6.9261
6.9249
6.9243
6.9226
6.9243
6.9222
6.9218
6.9215
6.9194
6.9193
6.9177
6.9189
6.9188
6.9187
6.9181
6.9177
6.9171
6.9147
6.9160
6.9163
6.9146
6.9152
6.9138
6.9129
6.9126
6.9130
6.9119
6.9113
6.9108
6.9108
6.9122
6.9122
6.9109
6.9097
6.9097
6.9096
6.9087
6.9091
6.9095
6.9098
