
7.1220
7.1599
7.1228
7.0835
7.0633
7.0908
7.0744
7.0743
7.0659
7.0766
7.0706
7.0606
7.0591
7.0713
7.0786
7.0724
7.0670
7.0722
7.0708
7.0803
7.0889
7.0865
7.0874
7.0815
7.0858
7.0844
7.0889
7.0969
7.0943
7.0937
7.0952
7.0888
7.0919
7.0910
7.0898
7.0912
7.0905
7.0909
7.0925
7.0918
7.0917
7.0900
7.0882
7.0866
7.0846
7.0817
7.0800
7.0771
7.0763
7.0753
7.0745
7.0735
7.0739
7.0736
7.0724
7.0713
7.0701
7.0732
7.0723
7.0717
7.0682
7.0679
7.0669
7.0667
7.0657
7.0669
7.0650
7.0642
7.0632
7.0637
7.0633
7.0628
7.0622
7.0611
7.0600
7.0587
7.0566
7.0572
7.0573
7.0555
7.0550
7.0545
7.0546
7.0533
7.0525
7.0517
7.0490
7.0476
7.0469
7.0455
7.0447
7.0428
7.0419
7.0407
7.0404
7.0384
7.0374
7.0354
7.0359
7.0351
