
7.9143
7.8853
7.8461
7.8026
7.7848
7.7771
7.7795
7.7522
7.7375
7.7222
7.6881
7.6883
7.6775
7.6656
7.6709
7.6608
7.6517
7.6632
7.6659
7.6613
7.6384
7.6449
7.6194
7.6098
7.6014
7.5893
7.5865
7.5832
7.5812
7.5760
7.5664
7.5651
7.5627
7.5594
7.5546
7.5468
7.5470
7.5401
7.5326
7.5276
7.5288
7.5230
7.5170
7.5122
7.5109
7.5051
7.5017
7.4980
7.4938
7.4902
7.4847
7.4796
7.4749
7.4724
7.4647
7.4630
7.4591
7.4551
7.4501
7.4522
7.4493
7.4467
7.4430
7.4369
7.4334
7.4307
7.4259
7.4217
7.4162
7.4097
7.4085
7.4043
7.3972
7.3939
7.3920
7.3893
7.3853
7.3830
7.3798
7.3756
7.3724
7.3719
7.3683
7.3631
7.3608
7.3580
7.3553
7.3541
7.3531
7.3513
7.3485
7.3466
7.3444
7.3403
7.3365
7.3350
7.3315
7.3290
7.3263
7.3246
