
7.0899
7.2149
7.2084
7.2288
7.2125
7.1979
7.1743
7.1662
7.1609
7.1610
7.1628
7.1501
7.1591
7.1625
7.1686
7.1719
7.1808
7.1797
7.1856
7.1838
7.1880
7.1917
7.1961
7.1941
7.1950
7.1971
7.2001
7.1952
7.1986
7.2010
7.2059
7.2125
7.2090
7.2116
7.2105
7.2124
7.2089
7.2117
7.2118
7.2150
7.2218
7.2231
7.2220
7.2273
7.2256
7.2305
7.2335
7.2292
7.2263
7.2232
7.2235
7.2222
7.2240
7.2261
7.2281
7.2345
7.2359
7.2398
7.2424
7.2442
7.2454
7.2467
7.2490
7.2507
7.2541
7.2512
7.2534
7.2556
7.2588
7.2650
7.2707
7.2722
7.2754
7.2753
7.2776
7.2811
7.2846
7.2851
7.2840
7.2850
7.2868
7.2857
7.2856
7.2869
7.2857
7.2896
7.2913
7.2895
7.2922
7.2973
7.2968
7.2974
7.2989
7.2998
7.3008
7.3000
7.3007
7.3005
7.3005
7.2996
