
6.9998
6.9342
6.9390
6.9556
6.9513
6.9529
6.9494
6.9442
6.9444
6.9418
6.9373
6.9440
6.9403
6.9374
6.9373
6.9336
6.9303
6.9203
6.9200
6.9180
6.9148
6.9084
6.9029
6.8990
6.8962
6.8928
6.8923
6.8897
6.8890
6.8898
6.8875
6.8889
6.8872
6.8842
6.8815
6.8826
6.8834
6.8849
6.8845
6.8847
6.8835
6.8830
6.8805
6.8801
6.8805
6.8793
6.8799
6.8785
6.8758
6.8756
6.8745
6.8738
6.8724
6.8711
6.8705
6.8705
6.8706
6.8702
6.8705
6.8685
6.8684
6.8678
6.8676
6.8671
6.8683
6.8674
6.8671
6.8684
6.8680
6.8679
6.8683
6.8680
6.8675
6.8678
6.8677
6.8678
6.8684
6.8685
6.8676
6.8657
6.8658
6.8657
6.8659
6.8645
6.8639
6.8631
6.8624
6.8616
6.8614
6.8623
6.8616
6.8621
6.8633
6.8634
6.8634
6.8634
6.8639
6.8627
6.8618
6.8614
