
6.9807
7.2397
7.3460
7.3704
7.3753
7.3785
7.3925
7.3474
7.3638
7.3713
7.3968
7.3943
7.3815
7.3832
7.3742
7.4020
7.4171
7.3955
7.3863
7.3807
7.3795
7.3728
7.3741
7.3768
7.3821
7.3927
7.3898
7.3854
7.3753
7.3712
7.3625
7.3657
7.3647
7.3722
7.3652
7.3663
7.3634
7.3637
7.3629
7.3613
7.3653
7.3617
7.3555
7.3512
7.3487
7.3446
7.3431
7.3450
7.3482
7.3482
7.3422
7.3389
7.3377
7.3377
7.3379
7.3384
7.3398
7.3393
7.3411
7.3422
7.3445
7.3410
7.3395
7.3332
7.3332
7.3350
7.3364
7.3361
7.3384
7.3393
7.3385
7.3383
7.3327
7.3294
7.3300
7.3281
7.3276
7.3296
7.3316
7.3284
7.3289
7.3279
7.3267
7.3272
7.3291
7.3309
7.3303
7.3299
7.3320
7.3321
7.3300
7.3300
7.3254
7.3232
7.3218
7.3211
7.3200
7.3186
7.3194
7.3178
