
7.4263
7.3286
7.2779
7.2192
7.1761
7.2370
7.2553
7.2625
7.2850
7.2913
7.2919
7.2674
7.2762
7.2784
7.2764
7.2700
7.2783
7.2720
7.2791
7.2715
7.2720
7.2764
7.2836
7.2817
7.2857
7.2848
7.2720
7.2617
7.2692
7.2651
7.2650
7.2651
7.2653
7.2722
7.2712
7.2666
7.2667
7.2625
7.2577
7.2549
7.2524
7.2482
7.2495
7.2523
7.2587
7.2597
7.2600
7.2622
7.2603
7.2616
7.2627
7.2577
7.2586
7.2558
7.2579
7.2552
7.2557
7.2579
7.2543
7.2514
7.2474
7.2472
7.2446
7.2449
7.2439
7.2421
7.2385
7.2385
7.2396
7.2387
7.2372
7.2330
7.2330
7.2321
7.2339
7.2368
7.2336
7.2315
7.2315
7.2298
7.2253
7.2244
7.2232
7.2236
7.2210
7.2224
7.2225
7.2249
7.2229
7.2229
7.2208
7.2204
7.2186
7.2185
7.2182
7.2157
7.2146
7.2151
7.2155
7.2151
