
6.9157
6.9148
6.9132
6.9144
6.9081
6.9084
6.9073
6.9092
6.9126
6.9123
6.9139
6.9122
6.9135
6.9148
6.9141
6.9142
6.9137
6.9152
6.9145
6.9133
6.9129
6.9121
6.9121
6.9130
6.9138
6.9131
6.9135
6.9131
6.9124
6.9127
6.9131
6.9127
6.9129
6.9119
6.9123
6.9119
6.9118
6.9112
6.9111
6.9108
6.9113
6.9114
6.9124
6.9127
6.9128
6.9132
6.9133
6.9127
6.9130
6.9140
6.9143
6.9141
6.9143
6.9143
6.9141
6.9141
6.9136
6.9137
6.9138
6.9141
6.9137
6.9133
6.9135
6.9136
6.9137
6.9136
6.9134
6.9135
6.9138
6.9137
6.9134
6.9136
6.9134
6.9134
6.9137
6.9136
6.9138
6.9138
6.9137
6.9140
6.9139
6.9138
6.9141
6.9140
6.9136
6.9133
6.9136
6.9133
6.9136
6.9133
6.9135
6.9134
6.9133
6.9134
6.9132
6.9133
6.9133
6.9131
6.9130
6.9132
6.9131
6.9131
6.9128
6.9128
6.9126
6.9128
6.9127
6.9128
6.9127
6.9126
6.9125
6.9122
6.9123
6.9123
6.9125
6.9126
6.9127
6.9126
6.9130
6.9129
6.9128
6.9129
6.9130
6.9127
6.9127
6.9128
6.9131
6.9132
6.9132
6.9129
6.9129
6.9128
6.9128
6.9129
6.9127
6.9128
6.9128
6.9129
6.9130
6.9130
6.9132
6.9131
6.9131
6.9130
6.9129
6.9129
6.9129
6.9127
6.9127
6.9128
6.9127
6.9127
6.9129
6.9129
6.9132
6.9132
6.9131
6.9130
6.9131
6.9129
6.9128
6.9127
6.9127
6.9127
6.9126
6.9124
6.9125
6.9125
6.9125
6.9125
6.9125
6.9125
6.9125
6.9126
6.9127
6.9129
6.9130
6.9129
6.9128
6.9129
6.9129
6.9131
6.9131
6.9132
6.9132
6.9132
6.9132
6.9132
6.9133
6.9134
6.9134
6.9134
6.9134
6.9134
6.9133
6.9134
6.9133
6.9133
6.9132
6.9133
