
6.9166
6.9181
6.9158
6.9129
6.9145
6.9159
6.9140
6.9147
6.9146
6.9122
6.9112
6.9096
6.9094
6.9102
6.9110
6.9104
6.9088
6.9088
6.9090
6.9099
6.9102
6.9115
6.9124
6.9135
6.9131
6.9137
6.9125
6.9127
6.9115
6.9114
6.9121
6.9120
6.9127
6.9131
6.9127
6.9127
6.9119
6.9130
6.9135
6.9123
6.9113
6.9105
6.9105
6.9106
6.9108
6.9106
6.9110
6.9114
6.9103
6.9099
6.9095
6.9099
6.9102
6.9103
6.9104
6.9100
6.9100
6.9104
6.9106
6.9111
6.9118
6.9118
6.9119
6.9122
6.9120
6.9113
6.9114
6.9114
6.9113
6.9106
6.9103
6.9104
6.9105
6.9110
6.9108
6.9107
6.9102
6.9106
6.9110
6.9107
6.9103
6.9104
6.9104
6.9103
6.9100
6.9101
6.9103
6.9108
6.9107
6.9108
6.9107
6.9106
6.9107
6.9108
6.9111
6.9112
6.9107
6.9109
6.9114
6.9118
6.9120
6.9121
6.9119
6.9116
6.9117
6.9121
6.9124
6.9125
6.9122
6.9124
6.9124
6.9124
6.9125
6.9123
6.9124
6.9125
6.9127
6.9124
6.9122
6.9123
6.9120
6.9123
6.9125
6.9125
6.9126
6.9125
6.9123
6.9120
6.9121
6.9122
6.9120
6.9119
6.9120
6.9119
6.9119
6.9118
6.9119
6.9119
6.9119
6.9119
6.9120
6.9119
6.9121
6.9121
6.9119
6.9119
6.9120
6.9121
6.9123
6.9122
6.9123
6.9122
6.9123
6.9124
6.9125
6.9125
6.9122
6.9121
6.9120
6.9118
6.9117
6.9116
6.9116
6.9114
6.9113
6.9113
6.9113
6.9116
6.9116
6.9116
6.9117
6.9117
6.9118
6.9117
6.9117
6.9115
6.9115
6.9115
6.9113
6.9112
6.9114
6.9115
6.9113
6.9113
6.9114
6.9115
6.9114
6.9116
6.9118
6.9118
6.9117
6.9117
6.9119
6.9121
6.9120
6.9120
6.9120
6.9119
6.9120
6.9119
