
6.8864
6.8979
6.9008
6.8997
6.9054
6.9085
6.9077
6.9079
6.9089
6.9082
6.9076
6.9075
6.9077
6.9077
6.9066
6.9070
6.9072
6.9077
6.9080
6.9077
6.9069
6.9063
6.9065
6.9060
6.9063
6.9060
6.9061
6.9072
6.9071
6.9069
6.9073
6.9066
6.9060
6.9065
6.9067
6.9070
6.9068
6.9071
6.9071
6.9073
6.9079
6.9084
6.9084
6.9076
6.9082
6.9080
6.9081
6.9082
6.9081
6.9082
6.9076
6.9078
6.9083
6.9090
6.9095
6.9096
6.9096
6.9093
6.9090
6.9094
6.9094
6.9096
6.9102
6.9104
6.9103
6.9106
6.9102
6.9102
6.9102
6.9101
6.9102
6.9102
6.9103
6.9104
6.9103
6.9104
6.9104
6.9109
6.9107
6.9110
6.9108
6.9109
6.9107
6.9108
6.9105
6.9102
6.9107
6.9110
6.9111
6.9113
6.9111
6.9109
6.9111
6.9111
6.9107
6.9108
6.9107
6.9106
6.9108
6.9111
6.9110
6.9109
6.9110
6.9110
6.9112
6.9110
6.9112
6.9116
6.9114
6.9115
6.9113
6.9114
6.9115
6.9117
6.9118
6.9121
6.9122
6.9123
6.9122
6.9122
6.9123
6.9123
6.9123
6.9125
6.9126
6.9126
6.9126
6.9126
6.9125
6.9125
6.9125
6.9126
6.9127
6.9128
6.9127
6.9124
6.9124
6.9125
6.9126
6.9129
6.9129
6.9129
6.9129
6.9131
6.9129
6.9129
6.9128
6.9126
6.9125
6.9123
6.9122
6.9122
6.9123
6.9123
6.9124
6.9123
6.9123
6.9125
6.9125
6.9126
6.9126
6.9126
6.9126
6.9127
6.9126
6.9125
6.9125
6.9125
6.9126
6.9128
6.9128
6.9128
6.9128
6.9128
6.9129
6.9128
6.9129
6.9127
6.9128
6.9128
6.9128
6.9128
6.9129
6.9129
6.9128
6.9129
6.9130
6.9130
6.9130
6.9129
6.9130
6.9129
6.9130
6.9130
6.9129
6.9129
6.9129
6.9129
6.9129
6.9130
