
6.9709
6.9311
6.9330
6.9415
6.9352
6.9376
6.9368
6.9278
6.9277
6.9311
6.9295
6.9295
6.9298
6.9302
6.9286
6.9276
6.9259
6.9230
6.9220
6.9211
6.9204
6.9191
6.9191
6.9196
6.9182
6.9176
6.9195
6.9204
6.9211
6.9213
6.9210
6.9207
6.9208
6.9201
6.9195
6.9196
6.9196
6.9199
6.9197
6.9197
6.9196
6.9192
6.9190
6.9186
6.9183
6.9181
6.9181
6.9179
6.9175
6.9172
6.9173
6.9171
6.9169
6.9163
6.9160
6.9158
6.9155
6.9157
6.9156
6.9158
6.9162
6.9161
6.9158
6.9159
6.9158
6.9156
6.9157
6.9155
6.9153
6.9152
6.9151
6.9149
6.9150
6.9150
6.9149
6.9149
6.9147
6.9146
6.9145
6.9146
6.9145
6.9144
6.9142
6.9140
6.9139
6.9140
6.9139
6.9139
6.9138
6.9137
6.9137
6.9138
6.9139
6.9138
6.9138
6.9138
6.9138
6.9136
6.9136
6.9136
6.9136
6.9136
6.9136
6.9135
6.9136
6.9136
6.9136
6.9135
6.9136
6.9135
6.9134
6.9134
6.9132
6.9133
6.9132
6.9130
6.9130
6.9131
6.9131
6.9130
6.9130
6.9129
6.9128
6.9129
6.9129
6.9128
6.9127
6.9127
6.9127
6.9127
6.9126
6.9126
6.9127
6.9126
6.9126
6.9126
6.9126
6.9125
6.9124
6.9124
6.9124
6.9123
6.9123
6.9123
6.9122
6.9122
6.9121
6.9121
6.9121
6.9120
6.9121
6.9122
6.9122
6.9123
6.9124
6.9123
6.9123
6.9123
6.9123
6.9122
6.9123
6.9124
6.9124
6.9124
6.9124
6.9123
6.9122
6.9121
6.9122
6.9122
6.9122
6.9123
6.9123
6.9122
6.9121
6.9121
6.9121
6.9122
6.9122
6.9123
6.9123
6.9121
6.9121
6.9121
6.9121
6.9121
6.9120
6.9118
6.9118
6.9117
6.9117
6.9117
6.9117
6.9117
6.9118
6.9117
6.9116
6.9116
6.9115
6.9116
