
6.8906
6.8984
6.8942
6.8927
6.8931
6.8972
6.8997
6.8987
6.8991
6.8996
6.9010
6.9013
6.9063
6.9065
6.9059
6.9080
6.9090
6.9075
6.9083
6.9079
6.9077
6.9087
6.9086
6.9082
6.9080
6.9087
6.9088
6.9090
6.9087
6.9090
6.9091
6.9093
6.9099
6.9100
6.9102
6.9108
6.9105
6.9108
6.9111
6.9116
6.9117
6.9118
6.9124
6.9122
6.9114
6.9117
6.9114
6.9110
6.9105
6.9105
6.9104
6.9101
6.9105
6.9104
6.9103
6.9098
6.9093
6.9093
6.9098
6.9092
6.9091
6.9094
6.9097
6.9101
6.9102
6.9107
6.9101
6.9100
6.9098
6.9098
6.9097
6.9098
6.9096
6.9096
6.9095
6.9092
6.9090
6.9089
6.9090
6.9091
6.9091
6.9090
6.9092
6.9093
6.9093
6.9096
6.9095
6.9098
6.9097
6.9097
6.9098
6.9100
6.9099
6.9097
6.9096
6.9096
6.9094
6.9096
6.9097
6.9098
6.9096
6.9093
6.9092
6.9092
6.9092
6.9094
6.9096
6.9098
6.9099
6.9100
6.9097
6.9096
6.9097
6.9096
6.9096
6.9098
6.9097
6.9096
6.9096
6.9098
6.9095
6.9095
6.9096
6.9095
6.9092
6.9093
6.9093
6.9094
6.9094
6.9095
6.9095
6.9095
6.9094
6.9093
6.9093
6.9094
6.9095
6.9097
6.9095
6.9096
6.9096
6.9095
6.9094
6.9097
6.9095
6.9097
6.9096
6.9098
6.9099
6.9098
6.9098
6.9097
6.9096
6.9096
6.9096
6.9094
6.9094
6.9094
6.9095
6.9096
6.9095
6.9093
6.9093
6.9093
6.9093
6.9094
6.9093
6.9093
6.9093
6.9094
6.9094
6.9095
6.9094
6.9095
6.9096
6.9097
6.9097
6.9096
6.9097
6.9097
6.9097
6.9098
6.9098
6.9097
6.9098
6.9099
6.9099
6.9098
6.9099
6.9100
6.9098
6.9097
6.9097
6.9098
6.9098
6.9099
6.9099
6.9099
6.9098
6.9097
