
6.8999
6.9105
6.9004
6.8989
6.9006
6.9007
6.9038
6.9066
6.9064
6.9063
6.9063
6.9064
6.9077
6.9077
6.9075
6.9084
6.9093
6.9096
6.9108
6.9102
6.9102
6.9099
6.9093
6.9103
6.9107
6.9113
6.9119
6.9122
6.9130
6.9132
6.9122
6.9120
6.9121
6.9130
6.9132
6.9134
6.9129
6.9129
6.9129
6.9132
6.9129
6.9125
6.9124
6.9129
6.9122
6.9122
6.9126
6.9123
6.9122
6.9126
6.9125
6.9123
6.9126
6.9126
6.9128
6.9130
6.9126
6.9125
6.9126
6.9126
6.9129
6.9130
6.9126
6.9123
6.9125
6.9126
6.9126
6.9130
6.9124
6.9125
6.9122
6.9120
6.9123
6.9122
6.9123
6.9122
6.9120
6.9118
6.9119
6.9119
6.9121
6.9119
6.9121
6.9122
6.9124
6.9124
6.9125
6.9123
6.9124
6.9123
6.9121
6.9122
6.9121
6.9118
6.9119
6.9119
6.9116
6.9117
6.9120
6.9122
6.9122
6.9120
6.9121
6.9121
6.9121
6.9120
6.9121
6.9123
6.9125
6.9126
6.9125
6.9124
6.9124
6.9126
6.9125
6.9122
6.9125
6.9123
6.9122
6.9122
6.9119
6.9122
6.9120
6.9122
6.9122
6.9119
6.9119
6.9120
6.9120
6.9119
6.9120
6.9121
6.9121
6.9121
6.9120
6.9121
6.9120
6.9120
6.9121
6.9121
6.9120
6.9118
6.9119
6.9120
6.9120
6.9120
6.9121
6.9120
6.9117
6.9118
6.9116
6.9116
6.9116
6.9115
6.9116
6.9116
6.9114
6.9116
6.9115
6.9116
6.9116
6.9116
6.9116
6.9119
6.9120
6.9120
6.9120
6.9120
6.9119
6.9119
6.9119
6.9118
6.9117
6.9118
6.9117
6.9118
6.9117
6.9117
6.9117
6.9117
6.9117
6.9118
6.9120
6.9119
6.9120
6.9120
6.9120
6.9120
6.9121
6.9123
6.9123
6.9124
6.9125
6.9125
6.9125
6.9124
6.9122
6.9123
6.9123
6.9124
