
6.9552
6.9369
6.9310
6.9323
6.9252
6.9243
6.9213
6.9197
6.9187
6.9187
6.9204
6.9188
6.9185
6.9180
6.9177
6.9178
6.9172
6.9156
6.9151
6.9159
6.9151
6.9157
6.9146
6.9132
6.9142
6.9137
6.9123
6.9131
6.9135
6.9122
6.9124
6.9122
6.9122
6.9131
6.9134
6.9136
6.9140
6.9135
6.9130
6.9132
6.9133
6.9131
6.9123
6.9129
6.9132
6.9124
6.9127
6.9126
6.9127
6.9128
6.9126
6.9123
6.9125
6.9130
6.9131
6.9129
6.9130
6.9123
6.9123
6.9117
6.9114
6.9116
6.9118
6.9117
6.9122
6.9115
6.9115
6.9118
6.9123
6.9122
6.9125
6.9129
6.9130
6.9136
6.9136
6.9135
6.9132
6.9134
6.9136
6.9137
6.9136
6.9135
6.9135
6.9135
6.9136
6.9135
6.9135
6.9133
6.9131
6.9133
6.9134
6.9130
6.9132
6.9129
6.9130
6.9127
6.9123
6.9123
6.9126
6.9125
6.9124
6.9127
6.9128
6.9131
6.9131
6.9132
6.9133
6.9132
6.9130
6.9131
6.9131
6.9127
6.9130
6.9129
6.9129
6.9126
6.9127
6.9128
6.9130
6.9132
6.9133
6.9133
6.9133
6.9132
6.9133
6.9134
6.9132
6.9131
6.9131
6.9129
6.9128
6.9132
6.9132
6.9134
6.9134
6.9134
6.9133
6.9132
6.9131
6.9132
6.9130
6.9128
6.9128
6.9129
6.9128
6.9126
6.9126
6.9125
6.9125
6.9128
6.9126
6.9127
6.9127
6.9128
6.9127
6.9129
6.9130
6.9131
6.9131
6.9131
6.9130
6.9130
6.9129
6.9129
6.9129
6.9129
6.9127
6.9127
6.9128
6.9130
6.9129
6.9128
6.9129
6.9129
6.9128
6.9126
6.9128
6.9130
6.9132
6.9132
6.9132
6.9132
6.9132
6.9131
6.9130
6.9129
6.9130
6.9130
6.9130
6.9130
6.9130
6.9131
6.9132
6.9133
6.9133
6.9134
6.9135
6.9134
6.9133
6.9133
