
6.9109
6.9216
6.9274
6.9252
6.9249
6.9217
6.9204
6.9186
6.9203
6.9187
6.9193
6.9193
6.9157
6.9143
6.9138
6.9147
6.9136
6.9140
6.9128
6.9133
6.9123
6.9126
6.9108
6.9107
6.9121
6.9118
6.9118
6.9128
6.9136
6.9138
6.9143
6.9142
6.9137
6.9141
6.9135
6.9132
6.9130
6.9133
6.9137
6.9135
6.9135
6.9131
6.9129
6.9135
6.9135
6.9137
6.9136
6.9133
6.9135
6.9138
6.9140
6.9138
6.9138
6.9139
6.9140
6.9138
6.9136
6.9134
6.9135
6.9142
6.9143
6.9143
6.9142
6.9144
6.9143
6.9143
6.9142
6.9140
6.9139
6.9136
6.9136
6.9134
6.9131
6.9134
6.9133
6.9132
6.9135
6.9133
6.9133
6.9134
6.9131
6.9131
6.9127
6.9128
6.9127
6.9125
6.9124
6.9125
6.9128
6.9132
6.9129
6.9130
6.9130
6.9130
6.9132
6.9134
6.9135
6.9135
6.9134
6.9137
6.9134
6.9132
6.9132
6.9131
6.9131
6.9129
6.9129
6.9129
6.9129
6.9128
6.9130
6.9131
6.9132
6.9131
6.9133
6.9133
6.9135
6.9135
6.9132
6.9131
6.9130
6.9130
6.9131
6.9131
6.9130
6.9129
6.9127
6.9128
6.9128
6.9127
6.9126
6.9128
6.9129
6.9127
6.9124
6.9124
6.9124
6.9123
6.9123
6.9125
6.9124
6.9123
6.9123
6.9122
6.9122
6.9122
6.9122
6.9122
6.9122
6.9122
6.9124
6.9124
6.9124
6.9123
6.9124
6.9124
6.9122
6.9122
6.9123
6.9125
6.9126
6.9126
6.9128
6.9128
6.9128
6.9128
6.9127
6.9126
6.9127
6.9129
6.9128
6.9129
6.9129
6.9130
6.9130
6.9131
6.9131
6.9130
6.9129
6.9129
6.9128
6.9127
6.9127
6.9126
6.9127
6.9128
6.9128
6.9129
6.9129
6.9129
6.9129
6.9128
6.9129
6.9129
6.9127
6.9127
6.9126
6.9126
6.9125
6.9126
