
6.9371
6.9013
6.8969
6.9035
6.9041
6.9039
6.9005
6.9020
6.9053
6.9063
6.9065
6.9062
6.9071
6.9086
6.9081
6.9096
6.9103
6.9103
6.9111
6.9110
6.9103
6.9100
6.9095
6.9106
6.9107
6.9109
6.9120
6.9128
6.9127
6.9120
6.9133
6.9124
6.9122
6.9123
6.9132
6.9138
6.9140
6.9134
6.9131
6.9126
6.9128
6.9129
6.9127
6.9126
6.9125
6.9120
6.9127
6.9130
6.9132
6.9134
6.9133
6.9123
6.9123
6.9124
6.9127
6.9125
6.9128
6.9126
6.9130
6.9132
6.9134
6.9128
6.9129
6.9130
6.9126
6.9128
6.9127
6.9130
6.9129
6.9132
6.9128
6.9126
6.9126
6.9125
6.9122
6.9119
6.9119
6.9119
6.9121
6.9119
6.9119
6.9113
6.9113
6.9115
6.9115
6.9117
6.9115
6.9115
6.9116
6.9116
6.9114
6.9113
6.9114
6.9114
6.9113
6.9115
6.9114
6.9114
6.9114
6.9116
6.9115
6.9115
6.9118
6.9116
6.9116
6.9115
6.9116
6.9115
6.9116
6.9114
6.9116
6.9118
6.9119
6.9119
6.9116
6.9116
6.9117
6.9118
6.9118
6.9116
6.9116
6.9115
6.9115
6.9115
6.9116
6.9115
6.9114
6.9114
6.9116
6.9116
6.9116
6.9116
6.9114
6.9113
6.9114
6.9114
6.9114
6.9117
6.9115
6.9115
6.9116
6.9116
6.9116
6.9115
6.9116
6.9117
6.9118
6.9118
6.9117
6.9118
6.9118
6.9118
6.9119
6.9121
6.9122
6.9122
6.9121
6.9121
6.9120
6.9118
6.9119
6.9121
6.9121
6.9121
6.9122
6.9124
6.9123
6.9124
6.9124
6.9123
6.9124
6.9124
6.9124
6.9124
6.9125
6.9125
6.9125
6.9127
6.9128
6.9129
6.9127
6.9128
6.9127
6.9128
6.9127
6.9128
6.9128
6.9128
6.9127
6.9127
6.9126
6.9127
6.9127
6.9126
6.9126
6.9127
6.9129
6.9130
6.9129
6.9126
