
6.9266
6.9202
6.9193
6.9191
6.9174
6.9149
6.9148
6.9150
6.9154
6.9163
6.9154
6.9146
6.9138
6.9138
6.9130
6.9117
6.9107
6.9097
6.9087
6.9095
6.9100
6.9087
6.9100
6.9095
6.9091
6.9086
6.9092
6.9098
6.9106
6.9098
6.9098
6.9093
6.9091
6.9099
6.9105
6.9108
6.9115
6.9111
6.9119
6.9126
6.9120
6.9128
6.9127
6.9124
6.9123
6.9124
6.9120
6.9119
6.9120
6.9125
6.9126
6.9126
6.9124
6.9125
6.9124
6.9126
6.9130
6.9134
6.9131
6.9127
6.9131
6.9129
6.9127
6.9126
6.9129
6.9132
6.9133
6.9132
6.9129
6.9125
6.9127
6.9124
6.9122
6.9123
6.9127
6.9129
6.9125
6.9124
6.9126
6.9128
6.9126
6.9126
6.9129
6.9127
6.9128
6.9128
6.9124
6.9123
6.9126
6.9124
6.9123
6.9121
6.9121
6.9121
6.9121
6.9121
6.9121
6.9121
6.9121
6.9119
6.9120
6.9122
6.9122
6.9122
6.9121
6.9119
6.9117
6.9118
6.9117
6.9117
6.9119
6.9119
6.9120
6.9120
6.9121
6.9124
6.9123
6.9123
6.9120
6.9119
6.9119
6.9121
6.9124
6.9123
6.9122
6.9118
6.9119
6.9121
6.9119
6.9121
6.9120
6.9122
6.9119
6.9119
6.9120
6.9120
6.9120
6.9119
6.9120
6.9121
6.9123
6.9121
6.9122
6.9120
6.9120
6.9117
6.9119
6.9118
6.9118
6.9116
6.9117
6.9118
6.9119
6.9118
6.9118
6.9117
6.9117
6.9118
6.9119
6.9119
6.9119
6.9120
6.9121
6.9121
6.9122
6.9122
6.9122
6.9123
6.9123
6.9124
6.9125
6.9125
6.9124
6.9124
6.9125
6.9124
6.9123
6.9122
6.9122
6.9121
6.9122
6.9123
6.9123
6.9125
6.9126
6.9125
6.9125
6.9125
6.9126
6.9127
6.9127
6.9127
6.9128
6.9128
6.9129
6.9131
6.9133
6.9134
6.9136
6.9136
