
6.8834
6.8923
6.9416
6.9308
6.9286
6.9266
6.9302
6.9321
6.9414
6.9407
6.9429
6.9465
6.9422
6.9393
6.9440
6.9426
6.9428
6.9389
6.9420
6.9414
6.9444
6.9520
6.9519
6.9544
6.9518
6.9525
6.9529
6.9506
6.9487
6.9458
6.9488
6.9441
6.9454
6.9430
6.9447
6.9444
6.9417
6.9415
6.9411
6.9383
6.9379
6.9395
6.9422
6.9394
6.9398
6.9404
6.9390
6.9386
6.9388
6.9381
6.9381
6.9365
6.9388
6.9383
6.9366
6.9380
6.9372
6.9367
6.9370
6.9355
6.9369
6.9374
6.9369
6.9371
6.9373
6.9349
6.9362
6.9364
6.9367
6.9381
6.9381
6.9374
6.9369
6.9368
6.9375
6.9379
6.9387
6.9368
6.9371
6.9375
6.9377
6.9372
6.9379
6.9389
6.9387
6.9392
6.9397
6.9409
6.9405
6.9412
6.9404
6.9415
6.9397
6.9404
6.9400
6.9404
6.9406
6.9413
6.9409
6.9408
6.9409
6.9411
6.9420
6.9415
6.9410
6.9406
6.9407
6.9410
6.9415
6.9417
6.9414
6.9412
6.9413
6.9411
6.9407
6.9404
6.9401
6.9401
6.9402
6.9411
6.9412
6.9417
6.9419
6.9419
6.9417
6.9414
6.9406
6.9407
6.9416
6.9420
6.9416
6.9413
6.9416
6.9419
6.9429
6.9427
6.9425
6.9430
6.9435
6.9437
6.9442
6.9444
6.9444
6.9445
6.9446
6.9450
6.9456
6.9454
6.9453
6.9456
6.9455
6.9453
6.9455
6.9457
6.9449
6.9454
6.9459
6.9452
6.9451
6.9447
6.9439
6.9442
6.9446
6.9449
6.9449
6.9448
6.9443
6.9444
6.9449
6.9439
6.9439
6.9441
6.9444
6.9441
6.9442
6.9449
6.9446
6.9448
6.9447
6.9446
6.9440
6.9441
6.9438
6.9437
6.9441
6.9441
6.9441
6.9443
6.9443
6.9449
6.9450
6.9449
6.9446
6.9447
6.9446
6.9447
6.9449
6.9450
6.9453
6.9456
