
6.8265
6.8848
6.8888
6.9471
6.9446
6.9309
6.9302
6.9323
6.9352
6.9367
6.9326
6.9358
6.9458
6.9496
6.9456
6.9391
6.9366
6.9324
6.9354
6.9400
6.9363
6.9385
6.9431
6.9449
6.9483
6.9486
6.9497
6.9521
6.9537
6.9531
6.9563
6.9597
6.9635
6.9630
6.9633
6.9631
6.9635
6.9610
6.9613
6.9653
6.9646
6.9613
6.9641
6.9620
6.9632
6.9621
6.9629
6.9622
6.9621
6.9596
6.9605
6.9614
6.9624
6.9639
6.9635
6.9625
6.9616
6.9611
6.9604
6.9605
6.9603
6.9596
6.9585
6.9577
6.9566
6.9567
6.9568
6.9572
6.9556
6.9555
6.9553
6.9553
6.9555
6.9538
6.9522
6.9521
6.9518
6.9518
6.9520
6.9518
6.9516
6.9511
6.9513
6.9518
6.9511
6.9505
6.9504
6.9505
6.9504
6.9499
6.9501
6.9511
6.9512
6.9502
6.9519
6.9508
6.9510
6.9502
6.9503
6.9494
6.9488
6.9484
6.9483
6.9481
6.9473
6.9475
6.9478
6.9487
6.9484
6.9490
6.9498
6.9492
6.9481
6.9480
6.9478
6.9471
6.9462
6.9464
6.9461
6.9453
6.9451
6.9447
6.9455
6.9458
6.9458
6.9457
6.9447
6.9453
6.9453
6.9454
6.9455
6.9454
6.9453
6.9460
6.9461
6.9461
6.9464
6.9462
6.9456
6.9461
6.9469
6.9459
6.9454
6.9454
6.9446
6.9446
6.9441
6.9448
6.9447
6.9440
6.9444
6.9446
6.9454
6.9449
6.9444
6.9446
6.9448
6.9448
6.9443
6.9439
6.9441
6.9438
6.9436
6.9438
6.9431
6.9431
6.9433
6.9430
6.9432
6.9435
6.9433
6.9437
6.9435
6.9435
6.9436
6.9436
6.9436
6.9433
6.9432
6.9433
6.9437
6.9435
6.9430
6.9431
6.9432
6.9439
6.9432
6.9433
6.9440
6.9438
6.9439
6.9437
6.9438
6.9438
6.9439
6.9441
6.9445
6.9441
6.9446
6.9450
