
6.9239
6.9447
6.9398
6.9416
6.9292
6.9258
6.9175
6.9284
6.9382
6.9289
6.9235
6.9205
6.9194
6.9255
6.9293
6.9275
6.9265
6.9247
6.9217
6.9208
6.9243
6.9279
6.9319
6.9324
6.9292
6.9272
6.9268
6.9278
6.9281
6.9273
6.9250
6.9281
6.9247
6.9269
6.9265
6.9289
6.9282
6.9294
6.9316
6.9322
6.9322
6.9317
6.9310
6.9295
6.9291
6.9320
6.9329
6.9344
6.9356
6.9353
6.9348
6.9370
6.9358
6.9360
6.9358
6.9354
6.9364
6.9349
6.9358
6.9352
6.9346
6.9353
6.9353
6.9349
6.9349
6.9354
6.9350
6.9353
6.9347
6.9345
6.9344
6.9344
6.9346
6.9344
6.9339
6.9341
6.9335
6.9340
6.9326
6.9328
6.9325
6.9329
6.9334
6.9329
6.9323
6.9321
6.9326
6.9333
6.9330
6.9325
6.9323
6.9321
6.9322
6.9323
6.9316
6.9313
6.9303
6.9299
6.9307
6.9313
6.9320
6.9324
6.9321
6.9324
6.9318
6.9312
6.9316
6.9311
6.9314
6.9310
6.9313
6.9321
6.9324
6.9324
6.9317
6.9309
6.9308
6.9308
6.9305
6.9300
6.9295
6.9295
6.9290
6.9277
6.9274
6.9277
6.9275
6.9275
6.9282
6.9294
6.9304
6.9308
6.9303
6.9303
6.9304
6.9300
6.9297
6.9301
6.9308
6.9307
6.9315
6.9312
6.9307
6.9313
6.9315
6.9309
6.9309
6.9309
6.9308
6.9308
6.9300
6.9299
6.9305
6.9301
6.9302
6.9300
6.9300
6.9297
6.9294
6.9298
6.9296
6.9294
6.9291
6.9293
6.9294
6.9292
6.9284
6.9288
6.9286
6.9292
6.9295
6.9293
6.9296
6.9302
6.9303
6.9308
6.9299
6.9301
6.9298
6.9292
6.9289
6.9287
6.9285
6.9291
6.9290
6.9285
6.9288
6.9293
6.9292
6.9289
6.9289
6.9290
6.9287
6.9285
6.9284
6.9281
6.9287
6.9282
6.9282
6.9278
