
6.8513
6.8406
6.8642
6.8610
6.8715
6.8777
6.8838
6.9084
6.9191
6.9128
6.9034
6.9065
6.9029
6.9145
6.9131
6.9241
6.9208
6.9225
6.9206
6.9217
6.9228
6.9239
6.9249
6.9304
6.9315
6.9329
6.9331
6.9338
6.9348
6.9351
6.9314
6.9342
6.9356
6.9367
6.9363
6.9350
6.9366
6.9351
6.9357
6.9348
6.9369
6.9406
6.9434
6.9427
6.9460
6.9458
6.9461
6.9455
6.9460
6.9473
6.9496
6.9490
6.9509
6.9507
6.9490
6.9483
6.9476
6.9481
6.9475
6.9466
6.9474
6.9482
6.9480
6.9485
6.9478
6.9469
6.9484
6.9486
6.9497
6.9489
6.9491
6.9493
6.9478
6.9471
6.9474
6.9478
6.9476
6.9470
6.9466
6.9461
6.9462
6.9463
6.9461
6.9468
6.9470
6.9480
6.9488
6.9479
6.9468
6.9465
6.9467
6.9463
6.9461
6.9460
6.9473
6.9464
6.9447
6.9445
6.9449
6.9440
6.9441
6.9439
6.9438
6.9437
6.9441
6.9439
6.9435
6.9430
6.9423
6.9426
6.9422
6.9418
6.9416
6.9415
6.9416
6.9408
6.9401
6.9402
6.9402
6.9399
6.9389
6.9390
6.9396
6.9392
6.9389
6.9392
6.9390
6.9385
6.9380
6.9379
6.9377
6.9375
6.9375
6.9371
6.9368
6.9366
6.9366
6.9363
6.9365
6.9373
6.9377
6.9376
6.9372
6.9373
6.9378
6.9377
6.9375
6.9377
6.9378
6.9386
6.9383
6.9387
6.9379
6.9382
6.9390
6.9390
6.9391
6.9383
6.9376
6.9373
6.9370
6.9379
6.9381
6.9382
6.9383
6.9384
6.9385
6.9386
6.9382
6.9379
6.9382
6.9389
6.9385
6.9386
6.9384
6.9384
6.9380
6.9384
6.9382
6.9379
6.9380
6.9382
6.9383
6.9384
6.9389
6.9389
6.9398
6.9404
6.9404
6.9401
6.9398
6.9395
6.9399
6.9394
6.9396
6.9397
6.9402
6.9402
6.9407
6.9409
