
6.9853
7.0355
7.0350
7.0357
7.0148
7.0065
6.9956
6.9745
6.9790
6.9712
6.9690
6.9674
6.9660
6.9627
6.9567
6.9567
6.9496
6.9589
6.9596
6.9671
6.9652
6.9636
6.9628
6.9635
6.9659
6.9628
6.9619
6.9534
6.9515
6.9536
6.9521
6.9518
6.9516
6.9514
6.9530
6.9532
6.9501
6.9500
6.9526
6.9524
6.9506
6.9530
6.9524
6.9500
6.9486
6.9511
6.9511
6.9515
6.9496
6.9512
6.9502
6.9491
6.9474
6.9474
6.9473
6.9463
6.9463
6.9465
6.9460
6.9459
6.9458
6.9458
6.9443
6.9452
6.9447
6.9460
6.9455
6.9457
6.9450
6.9457
6.9454
6.9455
6.9460
6.9440
6.9453
6.9441
6.9443
6.9431
6.9442
6.9430
6.9436
6.9431
6.9423
6.9422
6.9427
6.9422
6.9420
6.9416
6.9429
6.9423
6.9428
6.9431
6.9431
6.9451
6.9456
6.9457
6.9460
6.9460
6.9463
6.9462
6.9452
6.9451
6.9459
6.9464
6.9466
6.9460
6.9460
6.9475
6.9473
6.9482
6.9474
6.9475
6.9477
6.9477
6.9489
6.9493
6.9484
6.9477
6.9473
6.9485
6.9478
6.9482
6.9482
6.9480
6.9480
6.9475
6.9479
6.9486
6.9484
6.9488
6.9487
6.9489
6.9481
6.9474
6.9472
6.9473
6.9466
6.9465
6.9468
6.9462
6.9462
6.9459
6.9453
6.9460
6.9461
6.9470
6.9475
6.9474
6.9472
6.9474
6.9478
6.9478
6.9481
6.9477
6.9480
6.9481
6.9481
6.9481
6.9476
6.9472
6.9470
6.9471
6.9465
6.9459
6.9464
6.9460
6.9454
6.9460
6.9456
6.9454
6.9451
6.9452
6.9453
6.9451
6.9452
6.9445
6.9446
6.9444
6.9448
6.9448
6.9443
6.9441
6.9440
6.9437
6.9439
6.9438
6.9437
6.9436
6.9430
6.9425
6.9426
6.9427
6.9429
6.9433
6.9433
6.9439
6.9443
6.9443
6.9448
6.9445
