
6.8883
6.9439
6.9589
6.9684
6.9738
6.9740
6.9698
6.9782
6.9613
6.9624
6.9595
6.9496
6.9605
6.9672
6.9652
6.9644
6.9584
6.9528
6.9546
6.9476
6.9389
6.9443
6.9436
6.9444
6.9441
6.9436
6.9417
6.9436
6.9439
6.9446
6.9407
6.9379
6.9396
6.9431
6.9421
6.9439
6.9433
6.9442
6.9446
6.9451
6.9430
6.9439
6.9421
6.9425
6.9445
6.9458
6.9476
6.9496
6.9499
6.9508
6.9491
6.9486
6.9501
6.9513
6.9493
6.9479
6.9464
6.9474
6.9486
6.9487
6.9473
6.9456
6.9454
6.9463
6.9466
6.9435
6.9453
6.9455
6.9455
6.9452
6.9443
6.9437
6.9431
6.9437
6.9452
6.9458
6.9468
6.9462
6.9457
6.9459
6.9455
6.9467
6.9480
6.9472
6.9468
6.9473
6.9479
6.9474
6.9468
6.9465
6.9458
6.9451
6.9447
6.9430
6.9431
6.9440
6.9437
6.9436
6.9442
6.9438
6.9443
6.9443
6.9445
6.9452
6.9441
6.9445
6.9455
6.9443
6.9447
6.9446
6.9451
6.9451
6.9435
6.9435
6.9434
6.9440
6.9451
6.9452
6.9450
6.9455
6.9459
6.9454
6.9454
6.9447
6.9447
6.9448
6.9452
6.9453
6.9460
6.9458
6.9466
6.9464
6.9469
6.9464
6.9464
6.9473
6.9475
6.9470
6.9470
6.9468
6.9469
6.9472
6.9469
6.9465
6.9474
6.9473
6.9481
6.9481
6.9487
6.9491
6.9488
6.9484
6.9482
6.9482
6.9479
6.9482
6.9492
6.9487
6.9492
6.9490
6.9491
6.9506
6.9508
6.9503
6.9493
6.9498
6.9495
6.9493
6.9494
6.9494
6.9495
6.9497
6.9499
6.9498
6.9498
6.9495
6.9496
6.9495
6.9492
6.9488
6.9482
6.9486
6.9487
6.9490
6.9490
6.9488
6.9488
6.9485
6.9486
6.9485
6.9490
6.9492
6.9491
6.9490
6.9488
6.9492
6.9499
6.9499
6.9502
6.9506
