
6.9940
6.9467
6.9445
6.9341
6.9183
6.9342
6.9492
6.9381
6.9304
6.9245
6.9289
6.9292
6.9288
6.9279
6.9301
6.9271
6.9250
6.9287
6.9331
6.9313
6.9357
6.9338
6.9357
6.9390
6.9403
6.9373
6.9355
6.9348
6.9345
6.9356
6.9369
6.9384
6.9374
6.9385
6.9374
6.9387
6.9380
6.9368
6.9356
6.9369
6.9339
6.9329
6.9315
6.9325
6.9326
6.9330
6.9334
6.9327
6.9343
6.9354
6.9366
6.9370
6.9377
6.9364
6.9347
6.9345
6.9332
6.9340
6.9360
6.9362
6.9371
6.9389
6.9396
6.9403
6.9385
6.9384
6.9380
6.9389
6.9409
6.9411
6.9415
6.9408
6.9418
6.9436
6.9441
6.9442
6.9441
6.9428
6.9437
6.9428
6.9427
6.9424
6.9424
6.9422
6.9430
6.9427
6.9422
6.9433
6.9439
6.9445
6.9445
6.9432
6.9441
6.9448
6.9449
6.9446
6.9435
6.9427
6.9417
6.9407
6.9420
6.9410
6.9408
6.9403
6.9408
6.9412
6.9398
6.9402
6.9403
6.9395
6.9388
6.9384
6.9382
6.9390
6.9384
6.9380
6.9381
6.9373
6.9380
6.9379
6.9377
6.9385
6.9386
6.9395
6.9394
6.9384
6.9380
6.9378
6.9380
6.9377
6.9371
6.9370
6.9371
6.9369
6.9363
6.9361
6.9359
6.9356
6.9348
6.9355
6.9356
6.9357
6.9358
6.9358
6.9364
6.9370
6.9373
6.9370
6.9369
6.9372
6.9373
6.9371
6.9378
6.9383
6.9380
6.9381
6.9370
6.9373
6.9376
6.9376
6.9374
6.9370
6.9373
6.9383
6.9390
6.9386
6.9387
6.9392
6.9394
6.9400
6.9407
6.9407
6.9406
6.9407
6.9408
6.9405
6.9403
6.9403
6.9407
6.9405
6.9404
6.9403
6.9397
6.9395
6.9401
6.9395
6.9400
6.9400
6.9401
6.9408
6.9412
6.9410
6.9411
6.9411
6.9413
6.9414
6.9416
6.9421
6.9423
6.9423
