
6.9215
6.9158
6.9252
6.9173
6.9305
6.9516
6.9490
6.9474
6.9459
6.9455
6.9475
6.9481
6.9506
6.9478
6.9457
6.9420
6.9428
6.9406
6.9412
6.9406
6.9354
6.9357
6.9381
6.9384
6.9389
6.9386
6.9392
6.9370
6.9382
6.9393
6.9412
6.9403
6.9384
6.9380
6.9402
6.9404
6.9426
6.9428
6.9435
6.9451
6.9457
6.9485
6.9464
6.9474
6.9483
6.9506
6.9496
6.9504
6.9510
6.9496
6.9494
6.9503
6.9509
6.9502
6.9509
6.9507
6.9497
6.9487
6.9484
6.9472
6.9470
6.9484
6.9493
6.9489
6.9490
6.9480
6.9483
6.9473
6.9473
6.9473
6.9477
6.9470
6.9465
6.9473
6.9471
6.9475
6.9473
6.9474
6.9472
6.9479
6.9473
6.9469
6.9479
6.9467
6.9469
6.9459
6.9453
6.9449
6.9446
6.9457
6.9467
6.9464
6.9457
6.9456
6.9455
6.9441
6.9435
6.9434
6.9433
6.9434
6.9431
6.9422
6.9421
6.9407
6.9402
6.9393
6.9389
6.9393
6.9398
6.9392
6.9389
6.9403
6.9404
6.9413
6.9415
6.9415
6.9410
6.9416
6.9423
6.9430
6.9424
6.9419
6.9419
6.9416
6.9427
6.9434
6.9439
6.9436
6.9433
6.9430
6.9430
6.9429
6.9434
6.9426
6.9424
6.9436
6.9439
6.9449
6.9460
6.9453
6.9448
6.9445
6.9443
6.9441
6.9441
6.9442
6.9447
6.9447
6.9452
6.9454
6.9453
6.9454
6.9451
6.9446
6.9440
6.9437
6.9444
6.9444
6.9444
6.9443
6.9443
6.9448
6.9446
6.9444
6.9438
6.9435
6.9432
6.9429
6.9429
6.9424
6.9426
6.9425
6.9430
6.9426
6.9422
6.9425
6.9426
6.9424
6.9428
6.9432
6.9437
6.9435
6.9435
6.9430
6.9433
6.9434
6.9433
6.9427
6.9429
6.9433
6.9432
6.9433
6.9433
6.9435
6.9442
6.9440
6.9442
6.9446
6.9443
6.9444
