
7.1213
7.1689
7.1094
7.0885
7.0675
7.0392
7.0222
7.0148
7.0097
7.0093
6.9933
6.9891
6.9792
6.9773
6.9803
6.9723
6.9716
6.9740
6.9698
6.9655
6.9621
6.9629
6.9622
6.9598
6.9590
6.9573
6.9554
6.9537
6.9528
6.9520
6.9511
6.9501
6.9489
6.9475
6.9464
6.9454
6.9443
6.9434
6.9427
6.9419
6.9411
6.9402
6.9394
6.9389
6.9383
6.9376
6.9368
6.9362
6.9357
6.9351
6.9345
6.9341
6.9339
6.9334
6.9329
6.9322
6.9311
6.9312
6.9309
6.9297
6.9294
6.9291
6.9288
6.9275
6.9265
6.9259
6.9262
6.9265
6.9266
6.9261
6.9249
6.9251
6.9249
6.9257
6.9255
6.9261
6.9251
6.9248
6.9249
6.9253
6.9260
6.9264
6.9270
6.9262
6.9262
6.9268
6.9267
6.9269
6.9276
6.9279
6.9279
6.9275
6.9276
6.9283
6.9287
6.9290
6.9284
6.9287
6.9279
6.9279
6.9278
6.9276
6.9280
6.9280
6.9279
6.9285
6.9281
6.9280
6.9279
6.9280
6.9286
6.9292
6.9292
6.9295
6.9298
6.9300
6.9303
6.9304
6.9303
6.9297
6.9295
6.9296
6.9302
6.9296
6.9301
6.9300
6.9296
6.9300
6.9307
6.9307
6.9305
6.9303
6.9304
6.9309
6.9312
6.9310
6.9312
6.9313
6.9320
6.9323
6.9323
6.9326
6.9330
6.9326
6.9323
6.9324
6.9323
6.9326
6.9326
6.9325
6.9329
6.9331
6.9325
6.9323
6.9321
6.9323
6.9322
6.9321
6.9318
6.9317
6.9316
6.9321
6.9317
6.9318
6.9315
6.9316
6.9316
6.9314
6.9314
6.9314
6.9316
6.9317
6.9316
6.9319
6.9320
6.9317
6.9315
6.9312
6.9311
6.9316
6.9315
6.9319
6.9316
6.9312
6.9309
6.9312
6.9313
6.9313
6.9312
6.9310
6.9312
6.9310
6.9311
6.9311
6.9309
6.9309
6.9310
6.9310
6.9306
6.9306
