
6.8598
6.8932
6.8915
6.8808
6.8805
6.8921
6.9024
6.9315
6.9281
6.9288
6.9319
6.9366
6.9453
6.9449
6.9465
6.9451
6.9409
6.9421
6.9444
6.9468
6.9434
6.9382
6.9429
6.9451
6.9431
6.9422
6.9400
6.9398
6.9433
6.9422
6.9411
6.9414
6.9429
6.9433
6.9445
6.9432
6.9419
6.9441
6.9469
6.9494
6.9517
6.9497
6.9475
6.9492
6.9498
6.9522
6.9522
6.9507
6.9516
6.9522
6.9498
6.9490
6.9514
6.9496
6.9482
6.9480
6.9470
6.9459
6.9448
6.9457
6.9463
6.9461
6.9473
6.9488
6.9485
6.9475
6.9462
6.9459
6.9454
6.9464
6.9471
6.9471
6.9485
6.9485
6.9501
6.9497
6.9500
6.9514
6.9516
6.9494
6.9512
6.9518
6.9509
6.9513
6.9522
6.9518
6.9512
6.9528
6.9543
6.9540
6.9535
6.9530
6.9541
6.9541
6.9528
6.9533
6.9515
6.9522
6.9532
6.9537
6.9529
6.9525
6.9527
6.9520
6.9513
6.9513
6.9501
6.9498
6.9504
6.9502
6.9503
6.9502
6.9500
6.9500
6.9488
6.9481
6.9474
6.9481
6.9485
6.9490
6.9489
6.9484
6.9483
6.9480
6.9484
6.9484
6.9489
6.9495
6.9498
6.9492
6.9499
6.9499
6.9494
6.9496
6.9493
6.9488
6.9495
6.9502
6.9508
6.9511
6.9506
6.9509
6.9510
6.9507
6.9506
6.9503
6.9497
6.9496
6.9492
6.9488
6.9482
6.9483
6.9485
6.9486
6.9482
6.9484
6.9493
6.9486
6.9486
6.9489
6.9494
6.9495
6.9485
6.9482
6.9482
6.9487
6.9490
6.9489
6.9486
6.9490
6.9490
6.9486
6.9486
6.9495
6.9495
6.9493
6.9492
6.9496
6.9497
6.9502
6.9500
6.9500
6.9501
6.9503
6.9497
6.9497
6.9493
6.9495
6.9498
6.9504
6.9496
6.9493
6.9493
6.9495
6.9496
6.9498
6.9501
6.9500
6.9505
6.9499
