
7.0446
7.0722
7.0673
7.0637
7.0726
7.0617
7.0560
7.0473
7.0431
7.0419
7.0475
7.0536
7.0554
7.0478
7.0499
7.0464
7.0504
7.0482
7.0541
7.0514
7.0518
7.0509
7.0528
7.0530
7.0548
7.0531
7.0521
7.0535
7.0519
7.0509
7.0499
7.0447
7.0415
7.0401
7.0379
7.0407
7.0379
7.0360
7.0331
7.0339
7.0352
7.0346
7.0341
7.0327
7.0335
7.0320
7.0324
7.0331
7.0309
7.0312
7.0307
7.0317
7.0312
7.0290
7.0304
7.0290
7.0296
7.0273
7.0262
7.0250
7.0258
7.0256
7.0258
7.0270
7.0249
7.0241
7.0248
7.0229
7.0235
7.0224
7.0223
7.0222
7.0228
7.0230
7.0233
7.0228
7.0233
7.0229
7.0224
7.0217
7.0227
7.0219
7.0220
7.0193
7.0194
7.0185
7.0176
7.0179
7.0183
7.0191
7.0190
7.0188
7.0199
7.0207
7.0200
7.0202
7.0191
7.0196
7.0202
7.0201
