
7.0112
7.0069
7.0005
7.0149
7.0038
7.0162
7.0235
7.0167
7.0237
7.0379
7.0407
7.0403
7.0405
7.0330
7.0379
7.0327
7.0307
7.0314
7.0336
7.0386
7.0332
7.0406
7.0392
7.0415
7.0410
7.0399
7.0409
7.0442
7.0426
7.0412
7.0400
7.0359
7.0362
7.0376
7.0356
7.0372
7.0391
7.0368
7.0397
7.0385
7.0401
7.0418
7.0422
7.0379
7.0357
7.0366
7.0346
7.0356
7.0351
7.0361
7.0343
7.0328
7.0318
7.0317
7.0318
7.0304
7.0300
7.0293
7.0282
7.0282
7.0281
7.0277
7.0291
7.0269
7.0279
7.0265
7.0288
7.0276
7.0277
7.0283
7.0272
7.0268
7.0273
7.0283
7.0304
7.0311
7.0311
7.0308
7.0302
7.0304
7.0297
7.0297
7.0296
7.0283
7.0289
7.0294
7.0292
7.0296
7.0292
7.0299
7.0295
7.0290
7.0294
7.0290
7.0281
7.0281
7.0285
7.0285
7.0288
7.0303
