
7.0620
7.0596
7.0378
7.0205
7.0269
7.0410
7.0388
7.0314
7.0277
7.0360
7.0430
7.0388
7.0409
7.0451
7.0437
7.0422
7.0379
7.0409
7.0478
7.0491
7.0497
7.0478
7.0483
7.0460
7.0457
7.0464
7.0440
7.0466
7.0467
7.0466
7.0490
7.0441
7.0415
7.0406
7.0423
7.0404
7.0395
7.0372
7.0362
7.0363
7.0346
7.0326
7.0351
7.0373
7.0381
7.0381
7.0401
7.0370
7.0369
7.0366
7.0374
7.0365
7.0360
7.0372
7.0362
7.0344
7.0364
7.0372
7.0391
7.0406
7.0410
7.0428
7.0412
7.0411
7.0415
7.0424
7.0426
7.0436
7.0446
7.0455
7.0446
7.0450
7.0433
7.0430
7.0432
7.0446
7.0449
7.0451
7.0453
7.0466
7.0462
7.0464
7.0461
7.0451
7.0435
7.0420
7.0416
7.0409
7.0399
7.0405
7.0423
7.0424
7.0415
7.0401
7.0413
7.0415
7.0408
7.0415
7.0427
7.0429
