
7.0072
7.0436
7.0724
7.0260
7.0148
7.0054
7.0068
7.0023
7.0031
7.0057
7.0045
7.0007
6.9986
7.0029
6.9957
6.9950
6.9977
6.9954
6.9934
6.9960
6.9928
6.9885
6.9882
6.9862
6.9826
6.9854
6.9838
6.9834
6.9855
6.9816
6.9795
6.9785
6.9784
6.9836
6.9841
6.9839
6.9840
6.9836
6.9833
6.9834
6.9840
6.9836
6.9814
6.9830
6.9833
6.9833
6.9839
6.9840
6.9833
6.9822
6.9806
6.9801
6.9818
6.9798
6.9793
6.9776
6.9770
6.9755
6.9747
6.9743
6.9744
6.9746
6.9757
6.9766
6.9763
6.9784
6.9786
6.9795
6.9794
6.9797
6.9798
6.9799
6.9802
6.9820
6.9838
6.9833
6.9826
6.9825
6.9830
6.9829
6.9825
6.9816
6.9822
6.9831
6.9823
6.9820
6.9816
6.9819
6.9821
6.9838
6.9836
6.9852
6.9859
6.9854
6.9866
6.9866
6.9866
6.9862
6.9855
6.9858
