
6.9357
6.9472
6.9572
6.9731
6.9725
6.9790
6.9746
6.9668
6.9758
6.9809
6.9843
6.9856
6.9871
6.9874
6.9922
6.9978
6.9980
6.9962
6.9956
6.9962
6.9988
6.9987
7.0032
7.0023
7.0031
7.0041
7.0056
7.0041
7.0028
7.0037
7.0056
7.0059
7.0064
7.0076
7.0057
7.0046
7.0045
7.0032
7.0053
7.0055
7.0062
7.0057
7.0049
7.0041
7.0043
7.0062
7.0071
7.0060
7.0084
7.0089
7.0090
7.0085
7.0083
7.0078
7.0084
7.0093
7.0101
7.0092
7.0089
7.0114
7.0117
7.0114
7.0130
7.0119
7.0125
7.0131
7.0117
7.0117
7.0099
7.0105
7.0116
7.0119
7.0129
7.0107
7.0108
7.0095
7.0092
7.0089
7.0080
7.0083
7.0073
7.0067
7.0075
7.0059
7.0062
7.0062
7.0065
7.0061
7.0055
7.0054
7.0055
7.0056
7.0043
7.0037
7.0047
7.0053
7.0056
7.0063
7.0066
7.0061
