
7.0821
7.0802
7.0858
7.0488
7.0472
7.0415
7.0414
7.0304
7.0203
7.0083
7.0088
7.0093
7.0168
7.0117
7.0097
7.0125
7.0092
7.0096
7.0127
7.0212
7.0183
7.0177
7.0181
7.0137
7.0120
7.0160
7.0155
7.0148
7.0182
7.0183
7.0196
7.0184
7.0164
7.0167
7.0167
7.0189
7.0201
7.0184
7.0147
7.0129
7.0142
7.0161
7.0164
7.0151
7.0155
7.0143
7.0141
7.0128
7.0110
7.0080
7.0077
7.0075
7.0092
7.0092
7.0106
7.0106
7.0101
7.0097
7.0083
7.0074
7.0089
7.0074
7.0057
7.0078
7.0064
7.0051
7.0060
7.0070
7.0074
7.0089
7.0100
7.0100
7.0104
7.0088
7.0095
7.0082
7.0087
7.0082
7.0081
7.0092
7.0094
7.0094
7.0088
7.0081
7.0076
7.0082
7.0091
7.0094
7.0077
7.0081
7.0075
7.0076
7.0067
7.0070
7.0060
7.0052
7.0056
7.0050
7.0055
7.0049
