
7.0592
7.0001
6.9527
6.9396
6.9294
6.9379
6.9413
6.9544
6.9577
6.9581
6.9575
6.9609
6.9695
6.9738
6.9784
6.9762
6.9731
6.9788
6.9830
6.9885
6.9899
6.9910
6.9949
6.9930
6.9930
6.9987
6.9988
7.0015
7.0018
7.0011
7.0025
7.0044
7.0038
7.0033
7.0032
7.0020
6.9990
6.9972
6.9971
6.9975
6.9948
6.9947
6.9944
6.9922
6.9905
6.9911
6.9933
6.9947
6.9928
6.9951
6.9942
6.9961
6.9969
6.9956
6.9957
6.9952
6.9942
6.9951
6.9955
6.9945
6.9934
6.9945
6.9948
6.9940
6.9943
6.9949
6.9951
6.9943
6.9928
6.9936
6.9937
6.9940
6.9934
6.9934
6.9938
6.9941
6.9939
6.9933
6.9944
6.9959
6.9971
6.9971
6.9962
6.9967
6.9975
6.9976
6.9989
6.9994
6.9988
6.9987
6.9977
6.9981
6.9977
6.9976
6.9974
6.9980
6.9981
6.9990
6.9983
6.9990
