
7.0672
6.9920
6.9886
6.9629
6.9690
6.9785
6.9692
6.9734
6.9805
6.9797
6.9766
6.9799
6.9815
6.9834
6.9810
6.9833
6.9805
6.9801
6.9812
6.9863
6.9865
6.9899
6.9882
6.9823
6.9851
6.9877
6.9885
6.9910
6.9904
6.9895
6.9913
6.9914
6.9924
6.9901
6.9907
6.9904
6.9887
6.9884
6.9899
6.9890
6.9897
6.9884
6.9877
6.9914
6.9910
6.9915
6.9910
6.9925
6.9931
6.9919
6.9942
6.9918
6.9917
6.9920
6.9908
6.9905
6.9904
6.9918
6.9907
6.9912
6.9915
6.9913
6.9927
6.9942
6.9940
6.9942
6.9946
6.9946
6.9945
6.9937
6.9941
6.9949
6.9951
6.9929
6.9921
6.9909
6.9893
6.9899
6.9897
6.9888
6.9897
6.9899
6.9908
6.9927
6.9923
6.9927
6.9922
6.9909
6.9897
6.9886
6.9878
6.9885
6.9888
6.9883
6.9888
6.9889
6.9886
6.9868
6.9865
6.9866
