
7.0078
6.9807
6.9636
6.9542
6.9650
6.9708
6.9734
6.9689
6.9715
6.9749
6.9669
6.9660
6.9680
6.9700
6.9692
6.9685
6.9696
6.9723
6.9807
6.9819
6.9859
6.9876
6.9867
6.9882
6.9857
6.9839
6.9817
6.9826
6.9835
6.9807
6.9796
6.9806
6.9785
6.9788
6.9779
6.9777
6.9786
6.9805
6.9803
6.9800
6.9799
6.9810
6.9815
6.9798
6.9767
6.9771
6.9770
6.9775
6.9776
6.9772
6.9783
6.9788
6.9786
6.9792
6.9807
6.9812
6.9810
6.9821
6.9820
6.9822
6.9827
6.9832
6.9822
6.9817
6.9825
6.9826
6.9852
6.9851
6.9867
6.9862
6.9848
6.9854
6.9862
6.9851
6.9849
6.9848
6.9862
6.9865
6.9873
6.9869
6.9870
6.9863
6.9872
6.9860
6.9851
6.9853
6.9853
6.9850
6.9852
6.9851
6.9851
6.9854
6.9852
6.9855
6.9856
6.9861
6.9855
6.9857
6.9854
6.9854
