
7.0217
6.9825
6.9418
6.9368
6.9151
6.9149
6.9229
6.9356
6.9425
6.9553
6.9507
6.9520
6.9551
6.9550
6.9609
6.9564
6.9533
6.9544
6.9588
6.9556
6.9565
6.9570
6.9579
6.9559
6.9537
6.9528
6.9506
6.9530
6.9546
6.9567
6.9539
6.9535
6.9554
6.9572
6.9570
6.9541
6.9538
6.9545
6.9532
6.9513
6.9512
6.9524
6.9544
6.9554
6.9578
6.9578
6.9593
6.9593
6.9589
6.9605
6.9605
6.9614
6.9591
6.9584
6.9578
6.9572
6.9589
6.9588
6.9603
6.9616
6.9618
6.9621
6.9616
6.9604
6.9607
6.9619
6.9614
6.9619
6.9630
6.9636
6.9638
6.9649
6.9654
6.9664
6.9675
6.9690
6.9683
6.9677
6.9678
6.9672
6.9671
6.9676
6.9683
6.9692
6.9697
6.9697
6.9687
6.9689
6.9693
6.9692
6.9687
6.9695
6.9683
6.9693
6.9677
6.9682
6.9692
6.9693
6.9698
6.9695
