7.8806
7.8897
7.9545
7.8315
7.8039
7.8243
7.7680
7.7959
7.7998
7.7653
7.7852
7.7560
7.7302
7.7272
7.7315
7.7140
7.6913
7.6942
7.6745
7.6791
7.6744
7.6649
7.6607
7.6365
7.6201
7.6162
7.6074
7.5885
7.5739
7.5805
7.5666
7.5660
7.5693
7.5682
7.5654
7.5589
7.5474
7.5360
7.5329
7.5287
7.5169
7.5044
7.5011
7.5014
7.4875
7.4774
7.4803
7.4786
7.4665
7.4618
7.4584
7.4559
7.4558
7.4569
7.4602
7.4601
7.4570
7.4574
7.4524
7.4522
7.4494
7.4497
7.4446
7.4420
7.4390
7.4359
7.4342
7.4318
7.4227
7.4206
7.4166
7.4191
7.4186
7.4154
7.4111
7.4049
7.4030
7.4007
7.3986
7.3944
7.3946
7.3908
7.3853
7.3825
7.3826
7.3820
7.3803
7.3793
7.3754
7.3719
7.3689
7.3676
7.3674
7.3644
7.3601
7.3578
7.3560
7.3563
7.3574
7.3579
7.0874
7.2490
7.2647
7.2654
7.2583
7.2177
7.2089
7.2160
7.2319
7.2062
7.1701
7.1803
7.1960
7.2169
7.2113
7.1987
7.1961
7.1998
7.2115
7.2028
7.2029
7.2023
7.2159
7.2183
7.2162
7.2237
7.2140
7.2043
7.2003
7.1958
7.1960
7.1863
7.1962
7.1950
7.1922
7.1940
7.1977
7.1951
7.1909
7.1865
7.1900
7.1875
7.1924
7.1888
7.1895
7.1878
7.1890
7.1883
7.1890
7.1932
7.1933
7.1932
7.1881
7.1852
7.1798
7.1785
7.1780
7.1728
7.1711
7.1682
7.1665
7.1659
7.1631
7.1582
7.1600
7.1589
7.1565
7.1549
7.1559
7.1551
7.1505
7.1480
7.1479
7.1486
7.1487
7.1499
7.1493
7.1510
7.1452
7.1462
7.1436
7.1424
7.1416
7.1420
7.1392
7.1398
7.1399
7.1412
7.1456
7.1460
7.1460
7.1452
7.1473
7.1466
7.1445
7.1441
7.1444
7.1398
7.1393
7.1387
7.0608
7.0826
7.1452
7.1162
7.0856
7.0870
7.0853
7.0963
7.1287
7.1085
7.0871
7.0951
7.0785
7.0711
7.0714
7.0622
7.0571
7.0517
7.0599
7.0633
7.0681
7.0551
7.0624
7.0696
7.0560
7.0501
7.0475
7.0516
7.0535
7.0530
7.0506
7.0490
7.0436
7.0462
7.0429
7.0441
7.0402
7.0455
7.0450
7.0447
7.0436
7.0436
7.0451
7.0399
7.0463
7.0499
7.0510
7.0515
7.0460
7.0459
7.0430
7.0431
7.0388
7.0362
7.0435
7.0424
7.0417
7.0421
7.0423
7.0398
7.0406
7.0413
7.0399
7.0440
7.0430
7.0427
7.0415
7.0397
7.0388
7.0425
7.0449
7.0445
7.0427
7.0425
7.0410
7.0391
7.0411
7.0420
7.0446
7.0445
7.0438
7.0435
7.0432
7.0398
7.0387
7.0410
7.0400
7.0394
7.0445
7.0428
7.0429
7.0440
7.0436
7.0429
7.0416
7.0426
7.0451
7.0440
7.0424
7.0433
6.9281
7.0214
6.9100
6.9306
6.9749
6.9649
6.9905
6.9930
7.0004
6.9824
6.9904
6.9922
6.9749
6.9839
6.9960
7.0029
7.0036
7.0054
6.9911
6.9839
6.9832
6.9848
6.9854
6.9794
6.9753
6.9713
6.9747
6.9760
6.9792
6.9888
6.9893
6.9900
6.9953
6.9866
6.9823
6.9749
6.9777
6.9750
6.9779
6.9775
6.9767
6.9720
6.9786
6.9823
6.9838
6.9827
6.9827
6.9834
6.9859
6.9868
6.9877
6.9928
6.9934
6.9969
6.9975
6.9987
6.9979
6.9991
7.0008
7.0019
7.0021
7.0003
6.9973
6.9953
6.9951
6.9952
6.9947
6.9942
6.9937
6.9959
6.9940
6.9942
6.9959
6.9987
7.0014
7.0010
7.0004
6.9996
6.9985
6.9944
6.9956
6.9955
6.9976
6.9948
6.9947
6.9942
6.9938
6.9941
6.9939
6.9936
6.9923
6.9924
6.9939
6.9961
6.9961
6.9963
6.9954
6.9960
6.9969
6.9970
7.0445
7.1100
7.1160
7.1449
7.0996
7.1227
7.0967
7.1070
7.1136
7.1103
7.1073
7.0965
7.1024
7.1004
7.0930
7.0938
7.0809
7.0764
7.0706
7.0584
7.0497
7.0481
7.0475
7.0426
7.0406
7.0416
7.0444
7.0433
7.0402
7.0362
7.0299
7.0261
7.0259
7.0202
7.0116
7.0098
7.0111
7.0054
7.0094
7.0137
7.0115
7.0132
7.0165
7.0213
7.0223
7.0270
7.0281
7.0286
7.0266
7.0254
7.0260
7.0290
7.0319
7.0302
7.0275
7.0310
7.0315
7.0293
7.0302
7.0337
7.0326
7.0320
7.0324
7.0316
7.0301
7.0294
7.0290
7.0299
7.0294
7.0285
7.0260
7.0251
7.0227
7.0242
7.0258
7.0236
7.0239
7.0252
7.0252
7.0259
7.0240
7.0258
7.0257
7.0264
7.0256
7.0234
7.0237
7.0238
7.0215
7.0223
7.0202
7.0202
7.0193
7.0199
7.0206
7.0202
7.0201
7.0209
7.0211
7.0209
7.0673
6.9855
6.9054
6.9391
6.9034
6.9171
6.9438
6.9400
6.9316
6.9428
6.9580
6.9637
6.9689
6.9733
6.9760
6.9793
6.9850
6.9980
7.0017
7.0080
7.0148
7.0117
7.0158
7.0136
7.0189
7.0167
7.0181
7.0147
7.0080
7.0060
7.0027
7.0017
7.0033
7.0007
6.9955
6.9949
6.9980
6.9978
7.0012
7.0022
7.0042
7.0048
7.0035
7.0037
7.0071
7.0087
7.0072
7.0072
7.0074
7.0060
7.0058
7.0034
7.0059
7.0084
7.0101
7.0093
7.0093
7.0111
7.0107
7.0140
7.0161
7.0151
7.0150
7.0155
7.0156
7.0144
7.0128
7.0140
7.0135
7.0153
7.0159
7.0174
7.0152
7.0168
7.0165
7.0198
7.0191
7.0174
7.0176
7.0172
7.0166
7.0180
7.0170
7.0189
7.0174
7.0148
7.0160
7.0175
7.0172
7.0174
7.0189
7.0199
7.0200
7.0207
7.0193
7.0182
7.0202
7.0213
7.0212
7.0207
6.8692
6.8789
6.9612
6.9823
6.9959
7.0579
7.0542
7.0441
7.0400
7.0426
7.0362
7.0346
7.0322
7.0309
7.0253
7.0186
7.0171
7.0159
7.0215
7.0135
7.0227
7.0231
7.0273
7.0298
7.0371
7.0304
7.0335
7.0344
7.0315
7.0230
7.0203
7.0216
7.0266
7.0249
7.0266
7.0250
7.0226
7.0228
7.0237
7.0205
7.0192
7.0165
7.0253
7.0274
7.0273
7.0231
7.0195
7.0190
7.0209
7.0187
7.0194
7.0208
7.0214
7.0199
7.0202
7.0206
7.0206
7.0246
7.0280
7.0292
7.0334
7.0353
7.0312
7.0325
7.0337
7.0320
7.0256
7.0299
7.0315
7.0309
7.0329
7.0337
7.0351
7.0359
7.0396
7.0377
7.0380
7.0386
7.0356
7.0351
7.0343
7.0340
7.0364
7.0372
7.0372
7.0361
7.0359
7.0367
7.0358
7.0367
7.0346
7.0320
7.0331
7.0303
7.0307
7.0326
7.0327
7.0333
7.0328
7.0352
7.1251
7.1135
7.0720
7.0750
7.0560
7.0769
7.0630
7.0914
7.0767
7.0672
7.0709
7.0803
7.0772
7.0698
7.0615
7.0459
7.0475
7.0504
7.0532
7.0516
7.0526
7.0485
7.0436
7.0411
7.0517
7.0561
7.0573
7.0545
7.0560
7.0508
7.0563
7.0506
7.0503
7.0493
7.0541
7.0590
7.0644
7.0578
7.0559
7.0560
7.0561
7.0517
7.0526
7.0525
7.0497
7.0493
7.0461
7.0454
7.0462
7.0438
7.0453
7.0508
7.0490
7.0468
7.0510
7.0509
7.0524
7.0561
7.0564
7.0557
7.0582
7.0637
7.0617
7.0606
7.0607
7.0606
7.0615
7.0627
7.0637
7.0623
7.0629
7.0633
7.0648
7.0648
7.0639
7.0626
7.0599
7.0618
7.0611
7.0623
7.0629
7.0633
7.0629
7.0660
7.0664
7.0668
7.0672
7.0687
7.0688
7.0687
7.0685
7.0689
7.0683
7.0653
7.0661
7.0670
7.0682
7.0683
7.0691
7.0705
7.0834
7.1527
7.1135
7.1420
7.1943
7.2218
7.2316
7.2218
7.1729
7.1748
7.1708
7.1616
7.1682
7.1742
7.1809
7.1711
7.1738
7.1801
7.1707
7.1596
7.1507
7.1512
7.1389
7.1440
7.1357
7.1315
7.1307
7.1209
7.1180
7.1127
7.1119
7.1101
7.1053
7.1072
7.1023
7.0975
7.0952
7.0984
7.0997
7.0928
7.0921
7.0922
7.0947
7.0975
7.0985
7.1002
7.0986
7.0983
7.0981
7.0924
7.0910
7.0940
7.0980
7.1017
7.1003
7.0993
7.0935
7.0933
7.0935
7.0958
7.0952
7.0928
7.0904
7.0934
7.0955
7.0978
7.1009
7.0967
7.0938
7.0876
7.0861
7.0855
7.0860
7.0892
7.0866
7.0826
7.0819
7.0799
7.0787
7.0786
7.0773
7.0778
7.0756
7.0762
7.0777
7.0806
7.0790
7.0797
7.0800
7.0817
7.0811
7.0811
7.0788
7.0786
7.0793
7.0787
7.0787
7.0798
7.0792
7.0799
7.0809
7.1387
7.1558
7.1064
7.0670
7.0756
7.1290
7.1270
7.1192
7.1417
7.1283
7.1350
7.1234
7.1129
7.1196
7.1219
7.1157
7.1077
7.0965
7.0956
7.0970
7.1030
7.1047
7.0861
7.0760
7.0728
7.0754
7.0791
7.0878
7.0883
7.0924
7.0894
7.0865
7.0873
7.0889
7.0902
7.0962
7.0991
7.0934
7.0933
7.0924
7.0957
7.0950
7.0949
7.0947
7.0930
7.0942
7.0933
7.0914
7.0927
7.0971
7.0977
7.0997
7.0945
7.0920
7.0959
7.0984
7.0966
7.0937
7.0929
7.0972
7.0997
7.1024
7.1038
7.0994
7.0992
7.1001
7.0979
7.0986
7.1000
7.0989
7.0993
7.0980
7.0988
7.0981
7.0996
7.0995
7.0986
7.0955
7.0955
7.0941
7.0967
7.0963
7.0963
7.0950
7.0974
7.0978
7.0986
7.0998
7.1033
7.1024
7.1013
7.1024
7.1025
7.1029
7.1045
7.1044
7.1074
7.1083
7.1086
