
7.0445
7.1100
7.1160
7.1449
7.0996
7.1227
7.0967
7.1070
7.1136
7.1103
7.1073
7.0965
7.1024
7.1004
7.0930
7.0938
7.0809
7.0764
7.0706
7.0584
7.0497
7.0481
7.0475
7.0426
7.0406
7.0416
7.0444
7.0433
7.0402
7.0362
7.0299
7.0261
7.0259
7.0202
7.0116
7.0098
7.0111
7.0054
7.0094
7.0137
7.0115
7.0132
7.0165
7.0213
7.0223
7.0270
7.0281
7.0286
7.0266
7.0254
7.0260
7.0290
7.0319
7.0302
7.0275
7.0310
7.0315
7.0293
7.0302
7.0337
7.0326
7.0320
7.0324
7.0316
7.0301
7.0294
7.0290
7.0299
7.0294
7.0285
7.0260
7.0251
7.0227
7.0242
7.0258
7.0236
7.0239
7.0252
7.0252
7.0259
7.0240
7.0258
7.0257
7.0264
7.0256
7.0234
7.0237
7.0238
7.0215
7.0223
7.0202
7.0202
7.0193
7.0199
7.0206
7.0202
7.0201
7.0209
7.0211
7.0209
