
7.1251
7.1135
7.0720
7.0750
7.0560
7.0769
7.0630
7.0914
7.0767
7.0672
7.0709
7.0803
7.0772
7.0698
7.0615
7.0459
7.0475
7.0504
7.0532
7.0516
7.0526
7.0485
7.0436
7.0411
7.0517
7.0561
7.0573
7.0545
7.0560
7.0508
7.0563
7.0506
7.0503
7.0493
7.0541
7.0590
7.0644
7.0578
7.0559
7.0560
7.0561
7.0517
7.0526
7.0525
7.0497
7.0493
7.0461
7.0454
7.0462
7.0438
7.0453
7.0508
7.0490
7.0468
7.0510
7.0509
7.0524
7.0561
7.0564
7.0557
7.0582
7.0637
7.0617
7.0606
7.0607
7.0606
7.0615
7.0627
7.0637
7.0623
7.0629
7.0633
7.0648
7.0648
7.0639
7.0626
7.0599
7.0618
7.0611
7.0623
7.0629
7.0633
7.0629
7.0660
7.0664
7.0668
7.0672
7.0687
7.0688
7.0687
7.0685
7.0689
7.0683
7.0653
7.0661
7.0670
7.0682
7.0683
7.0691
7.0705
