
7.0608
7.0826
7.1452
7.1162
7.0856
7.0870
7.0853
7.0963
7.1287
7.1085
7.0871
7.0951
7.0785
7.0711
7.0714
7.0622
7.0571
7.0517
7.0599
7.0633
7.0681
7.0551
7.0624
7.0696
7.0560
7.0501
7.0475
7.0516
7.0535
7.0530
7.0506
7.0490
7.0436
7.0462
7.0429
7.0441
7.0402
7.0455
7.0450
7.0447
7.0436
7.0436
7.0451
7.0399
7.0463
7.0499
7.0510
7.0515
7.0460
7.0459
7.0430
7.0431
7.0388
7.0362
7.0435
7.0424
7.0417
7.0421
7.0423
7.0398
7.0406
7.0413
7.0399
7.0440
7.0430
7.0427
7.0415
7.0397
7.0388
7.0425
7.0449
7.0445
7.0427
7.0425
7.0410
7.0391
7.0411
7.0420
7.0446
7.0445
7.0438
7.0435
7.0432
7.0398
7.0387
7.0410
7.0400
7.0394
7.0445
7.0428
7.0429
7.0440
7.0436
7.0429
7.0416
7.0426
7.0451
7.0440
7.0424
7.0433
