
7.0673
6.9855
6.9054
6.9391
6.9034
6.9171
6.9438
6.9400
6.9316
6.9428
6.9580
6.9637
6.9689
6.9733
6.9760
6.9793
6.9850
6.9980
7.0017
7.0080
7.0148
7.0117
7.0158
7.0136
7.0189
7.0167
7.0181
7.0147
7.0080
7.0060
7.0027
7.0017
7.0033
7.0007
6.9955
6.9949
6.9980
6.9978
7.0012
7.0022
7.0042
7.0048
7.0035
7.0037
7.0071
7.0087
7.0072
7.0072
7.0074
7.0060
7.0058
7.0034
7.0059
7.0084
7.0101
7.0093
7.0093
7.0111
7.0107
7.0140
7.0161
7.0151
7.0150
7.0155
7.0156
7.0144
7.0128
7.0140
7.0135
7.0153
7.0159
7.0174
7.0152
7.0168
7.0165
7.0198
7.0191
7.0174
7.0176
7.0172
7.0166
7.0180
7.0170
7.0189
7.0174
7.0148
7.0160
7.0175
7.0172
7.0174
7.0189
7.0199
7.0200
7.0207
7.0193
7.0182
7.0202
7.0213
7.0212
7.0207
