
6.8692
6.8789
6.9612
6.9823
6.9959
7.0579
7.0542
7.0441
7.0400
7.0426
7.0362
7.0346
7.0322
7.0309
7.0253
7.0186
7.0171
7.0159
7.0215
7.0135
7.0227
7.0231
7.0273
7.0298
7.0371
7.0304
7.0335
7.0344
7.0315
7.0230
7.0203
7.0216
7.0266
7.0249
7.0266
7.0250
7.0226
7.0228
7.0237
7.0205
7.0192
7.0165
7.0253
7.0274
7.0273
7.0231
7.0195
7.0190
7.0209
7.0187
7.0194
7.0208
7.0214
7.0199
7.0202
7.0206
7.0206
7.0246
7.0280
7.0292
7.0334
7.0353
7.0312
7.0325
7.0337
7.0320
7.0256
7.0299
7.0315
7.0309
7.0329
7.0337
7.0351
7.0359
7.0396
7.0377
7.0380
7.0386
7.0356
7.0351
7.0343
7.0340
7.0364
7.0372
7.0372
7.0361
7.0359
7.0367
7.0358
7.0367
7.0346
7.0320
7.0331
7.0303
7.0307
7.0326
7.0327
7.0333
7.0328
7.0352
