
7.0809
7.1387
7.1558
7.1064
7.0670
7.0756
7.1290
7.1270
7.1192
7.1417
7.1283
7.1350
7.1234
7.1129
7.1196
7.1219
7.1157
7.1077
7.0965
7.0956
7.0970
7.1030
7.1047
7.0861
7.0760
7.0728
7.0754
7.0791
7.0878
7.0883
7.0924
7.0894
7.0865
7.0873
7.0889
7.0902
7.0962
7.0991
7.0934
7.0933
7.0924
7.0957
7.0950
7.0949
7.0947
7.0930
7.0942
7.0933
7.0914
7.0927
7.0971
7.0977
7.0997
7.0945
7.0920
7.0959
7.0984
7.0966
7.0937
7.0929
7.0972
7.0997
7.1024
7.1038
7.0994
7.0992
7.1001
7.0979
7.0986
7.1000
7.0989
7.0993
7.0980
7.0988
7.0981
7.0996
7.0995
7.0986
7.0955
7.0955
7.0941
7.0967
7.0963
7.0963
7.0950
7.0974
7.0978
7.0986
7.0998
7.1033
7.1024
7.1013
7.1024
7.1025
7.1029
7.1045
7.1044
7.1074
7.1083
7.1086
