
6.9281
7.0214
6.9100
6.9306
6.9749
6.9649
6.9905
6.9930
7.0004
6.9824
6.9904
6.9922
6.9749
6.9839
6.9960
7.0029
7.0036
7.0054
6.9911
6.9839
6.9832
6.9848
6.9854
6.9794
6.9753
6.9713
6.9747
6.9760
6.9792
6.9888
6.9893
6.9900
6.9953
6.9866
6.9823
6.9749
6.9777
6.9750
6.9779
6.9775
6.9767
6.9720
6.9786
6.9823
6.9838
6.9827
6.9827
6.9834
6.9859
6.9868
6.9877
6.9928
6.9934
6.9969
6.9975
6.9987
6.9979
6.9991
7.0008
7.0019
7.0021
7.0003
6.9973
6.9953
6.9951
6.9952
6.9947
6.9942
6.9937
6.9959
6.9940
6.9942
6.9959
6.9987
7.0014
7.0010
7.0004
6.9996
6.9985
6.9944
6.9956
6.9955
6.9976
6.9948
6.9947
6.9942
6.9938
6.9941
6.9939
6.9936
6.9923
6.9924
6.9939
6.9961
6.9961
6.9963
6.9954
6.9960
6.9969
6.9970
