
7.8806
7.8897
7.9545
7.8315
7.8039
7.8243
7.7680
7.7959
7.7998
7.7653
7.7852
7.7560
7.7302
7.7272
7.7315
7.7140
7.6913
7.6942
7.6745
7.6791
7.6744
7.6649
7.6607
7.6365
7.6201
7.6162
7.6074
7.5885
7.5739
7.5805
7.5666
7.5660
7.5693
7.5682
7.5654
7.5589
7.5474
7.5360
7.5329
7.5287
7.5169
7.5044
7.5011
7.5014
7.4875
7.4774
7.4803
7.4786
7.4665
7.4618
7.4584
7.4559
7.4558
7.4569
7.4602
7.4601
7.4570
7.4574
7.4524
7.4522
7.4494
7.4497
7.4446
7.4420
7.4390
7.4359
7.4342
7.4318
7.4227
7.4206
7.4166
7.4191
7.4186
7.4154
7.4111
7.4049
7.4030
7.4007
7.3986
7.3944
7.3946
7.3908
7.3853
7.3825
7.3826
7.3820
7.3803
7.3793
7.3754
7.3719
7.3689
7.3676
7.3674
7.3644
7.3601
7.3578
7.3560
7.3563
7.3574
7.3579
