
7.0874
7.2490
7.2647
7.2654
7.2583
7.2177
7.2089
7.2160
7.2319
7.2062
7.1701
7.1803
7.1960
7.2169
7.2113
7.1987
7.1961
7.1998
7.2115
7.2028
7.2029
7.2023
7.2159
7.2183
7.2162
7.2237
7.2140
7.2043
7.2003
7.1958
7.1960
7.1863
7.1962
7.1950
7.1922
7.1940
7.1977
7.1951
7.1909
7.1865
7.1900
7.1875
7.1924
7.1888
7.1895
7.1878
7.1890
7.1883
7.1890
7.1932
7.1933
7.1932
7.1881
7.1852
7.1798
7.1785
7.1780
7.1728
7.1711
7.1682
7.1665
7.1659
7.1631
7.1582
7.1600
7.1589
7.1565
7.1549
7.1559
7.1551
7.1505
7.1480
7.1479
7.1486
7.1487
7.1499
7.1493
7.1510
7.1452
7.1462
7.1436
7.1424
7.1416
7.1420
7.1392
7.1398
7.1399
7.1412
7.1456
7.1460
7.1460
7.1452
7.1473
7.1466
7.1445
7.1441
7.1444
7.1398
7.1393
7.1387
