
7.0834
7.1527
7.1135
7.1420
7.1943
7.2218
7.2316
7.2218
7.1729
7.1748
7.1708
7.1616
7.1682
7.1742
7.1809
7.1711
7.1738
7.1801
7.1707
7.1596
7.1507
7.1512
7.1389
7.1440
7.1357
7.1315
7.1307
7.1209
7.1180
7.1127
7.1119
7.1101
7.1053
7.1072
7.1023
7.0975
7.0952
7.0984
7.0997
7.0928
7.0921
7.0922
7.0947
7.0975
7.0985
7.1002
7.0986
7.0983
7.0981
7.0924
7.0910
7.0940
7.0980
7.1017
7.1003
7.0993
7.0935
7.0933
7.0935
7.0958
7.0952
7.0928
7.0904
7.0934
7.0955
7.0978
7.1009
7.0967
7.0938
7.0876
7.0861
7.0855
7.0860
7.0892
7.0866
7.0826
7.0819
7.0799
7.0787
7.0786
7.0773
7.0778
7.0756
7.0762
7.0777
7.0806
7.0790
7.0797
7.0800
7.0817
7.0811
7.0811
7.0788
7.0786
7.0793
7.0787
7.0787
7.0798
7.0792
7.0799
