7.4938
7.6886
7.6297
7.5195
7.6081
7.6496
7.6207
7.6015
7.5986
7.5707
7.6028
7.5862
7.5652
7.5806
7.5727
7.5527
7.5556
7.5664
7.5440
7.5480
7.5445
7.5381
7.5232
7.5115
7.5095
7.4993
7.5021
7.5148
7.5241
7.5149
7.5110
7.5068
7.5097
7.4986
7.5030
7.5025
7.5027
7.4936
7.4922
7.4884
7.4822
7.4751
7.4738
7.4667
7.4606
7.4584
7.4549
7.4560
7.4519
7.4518
7.4448
7.4381
7.4370
7.4318
7.4259
7.4236
7.4208
7.4181
7.4166
7.4085
7.4037
7.3989
7.3972
7.3913
7.3870
7.3876
7.3884
7.3830
7.3783
7.3742
7.3725
7.3683
7.3628
7.3598
7.3547
7.3520
7.3508
7.3474
7.3427
7.3396
7.3365
7.3357
7.3326
7.3305
7.3299
7.3269
7.3234
7.3214
7.3214
7.3188
7.3146
7.3130
7.3095
7.3064
7.3069
7.3038
7.3009
7.3027
7.3020
7.2997
6.9327
7.0466
7.1065
7.0840
7.1077
7.1241
7.1092
7.0928
7.0841
7.0768
7.0926
7.1114
7.1131
7.1050
7.1250
7.1257
7.1169
7.1081
7.1038
7.1171
7.1150
7.1144
7.1161
7.1259
7.1222
7.1225
7.1316
7.1317
7.1310
7.1374
7.1295
7.1308
7.1337
7.1350
7.1349
7.1444
7.1444
7.1449
7.1426
7.1410
7.1420
7.1464
7.1476
7.1475
7.1504
7.1544
7.1586
7.1574
7.1597
7.1606
7.1672
7.1657
7.1709
7.1746
7.1775
7.1823
7.1842
7.1868
7.1891
7.1904
7.1901
7.1869
7.1845
7.1879
7.1905
7.1923
7.1921
7.1942
7.1947
7.1977
7.1981
7.1980
7.1961
7.1940
7.1962
7.1961
7.1980
7.1969
7.2003
7.1970
7.2014
7.2007
7.2053
7.2066
7.2076
7.2078
7.2054
7.2052
7.2054
7.2081
7.2105
7.2108
7.2113
7.2100
7.2076
7.2093
7.2097
7.2111
7.2142
7.2148
7.3194
7.3651
7.4420
7.3929
7.3940
7.4155
7.4024
7.3564
7.3427
7.3380
7.3840
7.3907
7.3690
7.3834
7.3771
7.3587
7.3413
7.3523
7.3452
7.3531
7.3476
7.3444
7.3463
7.3411
7.3441
7.3483
7.3373
7.3386
7.3396
7.3455
7.3303
7.3289
7.3300
7.3271
7.3234
7.3131
7.3061
7.3039
7.3068
7.3104
7.3116
7.3158
7.3170
7.3149
7.3170
7.3212
7.3266
7.3257
7.3273
7.3243
7.3241
7.3224
7.3186
7.3175
7.3166
7.3172
7.3208
7.3184
7.3160
7.3146
7.3181
7.3175
7.3252
7.3243
7.3264
7.3341
7.3365
7.3388
7.3385
7.3361
7.3346
7.3319
7.3381
7.3413
7.3389
7.3386
7.3373
7.3359
7.3382
7.3397
7.3379
7.3361
7.3369
7.3374
7.3373
7.3361
7.3359
7.3358
7.3364
7.3430
7.3410
7.3427
7.3488
7.3490
7.3529
7.3562
7.3568
7.3559
7.3546
7.3536
7.2999
7.3170
7.3929
7.3996
7.4392
7.4838
7.5256
7.5098
7.5059
7.5178
7.5532
7.5173
7.5180
7.5359
7.5065
7.5087
7.4940
7.4949
7.4979
7.4989
7.5046
7.5041
7.5050
7.4920
7.4963
7.4869
7.4841
7.4765
7.4876
7.4843
7.4936
7.5011
7.4958
7.5009
7.5079
7.5129
7.5138
7.5126
7.5162
7.5168
7.5251
7.5170
7.5211
7.5269
7.5249
7.5190
7.5171
7.5155
7.5208
7.5236
7.5211
7.5181
7.5200
7.5259
7.5294
7.5332
7.5236
7.5218
7.5190
7.5210
7.5183
7.5177
7.5173
7.5191
7.5168
7.5174
7.5136
7.5128
7.5159
7.5231
7.5221
7.5167
7.5157
7.5183
7.5167
7.5128
7.5115
7.5080
7.5106
7.5135
7.5133
7.5114
7.5134
7.5152
7.5182
7.5187
7.5129
7.5180
7.5209
7.5196
7.5182
7.5169
7.5188
7.5190
7.5240
7.5252
7.5257
7.5263
7.5262
7.5232
7.3817
7.4404
7.5317
7.5726
7.5612
7.5019
7.5016
7.4830
7.5038
7.5263
7.5095
7.5251
7.5091
7.5043
7.5012
7.5228
7.5190
7.5028
7.5017
7.5020
7.5053
7.4863
7.4954
7.4975
7.5075
7.5058
7.5154
7.5129
7.5003
7.4987
7.4987
7.4996
7.4881
7.4843
7.4770
7.4684
7.4652
7.4640
7.4700
7.4648
7.4633
7.4623
7.4620
7.4653
7.4605
7.4676
7.4811
7.4749
7.4726
7.4676
7.4702
7.4696
7.4678
7.4651
7.4597
7.4621
7.4685
7.4700
7.4746
7.4708
7.4701
7.4746
7.4804
7.4853
7.4815
7.4875
7.4859
7.4847
7.4827
7.4794
7.4736
7.4757
7.4728
7.4776
7.4736
7.4716
7.4707
7.4745
7.4753
7.4757
7.4748
7.4733
7.4669
7.4667
7.4624
7.4609
7.4602
7.4565
7.4527
7.4503
7.4504
7.4454
7.4403
7.4442
7.4477
7.4437
7.4415
7.4382
7.4364
7.4360
7.2701
7.2716
7.3413
7.3182
7.3249
7.3173
7.3418
7.3370
7.3319
7.3300
7.3304
7.3532
7.3551
7.3452
7.3279
7.3423
7.3343
7.3386
7.3274
7.3254
7.3380
7.3508
7.3494
7.3429
7.3517
7.3503
7.3431
7.3279
7.3243
7.3212
7.3112
7.3192
7.3185
7.3238
7.3177
7.3248
7.3263
7.3293
7.3273
7.3299
7.3240
7.3225
7.3189
7.3204
7.3161
7.3124
7.3121
7.3071
7.3066
7.3104
7.3067
7.3045
7.3088
7.3075
7.3127
7.3162
7.3182
7.3169
7.3114
7.3117
7.3108
7.3071
7.3093
7.3125
7.3123
7.3114
7.3103
7.3119
7.3100
7.3070
7.3045
7.3051
7.3043
7.3041
7.3003
7.3003
7.3002
7.2987
7.2976
7.2941
7.2928
7.2917
7.2930
7.2926
7.2926
7.2959
7.2946
7.2969
7.2965
7.2958
7.2923
7.2903
7.2862
7.2841
7.2825
7.2808
7.2811
7.2817
7.2821
7.2812
7.4622
7.2835
7.1948
7.2128
7.1782
7.1996
7.1801
7.1575
7.1664
7.1517
7.1627
7.1512
7.1550
7.1766
7.1633
7.1589
7.1465
7.1567
7.1762
7.1719
7.1782
7.1799
7.1837
7.1835
7.1850
7.1804
7.1741
7.1762
7.1897
7.1891
7.1830
7.1880
7.1824
7.1791
7.1731
7.1730
7.1764
7.1770
7.1768
7.1792
7.1769
7.1713
7.1736
7.1722
7.1752
7.1724
7.1682
7.1667
7.1653
7.1640
7.1627
7.1607
7.1622
7.1639
7.1617
7.1622
7.1596
7.1565
7.1552
7.1577
7.1557
7.1570
7.1550
7.1540
7.1491
7.1456
7.1433
7.1398
7.1361
7.1342
7.1350
7.1329
7.1301
7.1282
7.1285
7.1251
7.1278
7.1291
7.1278
7.1265
7.1250
7.1219
7.1194
7.1197
7.1181
7.1172
7.1147
7.1140
7.1129
7.1128
7.1107
7.1096
7.1096
7.1086
7.1084
7.1072
7.1059
7.1054
7.1060
7.1053
6.9545
7.0033
7.0880
7.0569
7.0465
7.0424
7.0327
7.0226
7.0313
7.0408
7.0458
7.0376
7.0372
7.0379
7.0362
7.0342
7.0315
7.0250
7.0226
7.0146
7.0080
7.0054
7.0011
7.0025
7.0058
7.0062
7.0039
7.0083
7.0118
7.0097
7.0075
7.0102
7.0099
7.0076
7.0080
7.0071
7.0055
7.0050
7.0020
7.0018
7.0009
7.0007
7.0007
7.0006
7.0012
7.0036
7.0053
7.0049
7.0049
7.0041
7.0026
7.0022
7.0013
7.0026
7.0032
7.0029
7.0012
7.0023
7.0030
7.0025
7.0029
7.0015
7.0007
6.9991
6.9999
6.9984
6.9972
6.9956
6.9954
6.9937
6.9949
6.9948
6.9941
6.9958
6.9944
6.9939
6.9930
6.9931
6.9921
6.9919
6.9912
6.9906
6.9900
6.9906
6.9885
6.9876
6.9870
6.9862
6.9863
6.9859
6.9857
6.9860
6.9859
6.9853
6.9852
6.9853
6.9847
6.9842
6.9845
6.9834
6.9197
6.9373
6.9619
6.9614
6.9291
6.9379
6.9425
6.9356
6.9358
6.9400
6.9347
6.9318
6.9296
6.9266
6.9295
6.9323
6.9301
6.9311
6.9369
6.9373
6.9404
6.9443
6.9415
6.9385
6.9371
6.9366
6.9377
6.9402
6.9386
6.9370
6.9391
6.9399
6.9353
6.9333
6.9338
6.9328
6.9340
6.9351
6.9328
6.9322
6.9322
6.9347
6.9371
6.9364
6.9362
6.9361
6.9374
6.9388
6.9385
6.9385
6.9386
6.9400
6.9396
6.9400
6.9420
6.9432
6.9424
6.9416
6.9421
6.9423
6.9450
6.9449
6.9439
6.9444
6.9453
6.9459
6.9452
6.9449
6.9453
6.9447
6.9438
6.9439
6.9443
6.9442
6.9442
6.9446
6.9440
6.9441
6.9440
6.9436
6.9429
6.9427
6.9427
6.9422
6.9419
6.9414
6.9414
6.9413
6.9408
6.9404
6.9398
6.9393
6.9388
6.9385
6.9385
6.9381
6.9379
6.9372
6.9368
6.9369
6.9469
6.9185
6.9288
6.9423
6.9177
6.9177
6.9276
6.9396
6.9400
6.9304
6.9318
6.9323
6.9307
6.9326
6.9283
6.9263
6.9303
6.9322
6.9303
6.9271
6.9255
6.9253
6.9250
6.9221
6.9225
6.9225
6.9234
6.9207
6.9204
6.9203
6.9191
6.9188
6.9170
6.9184
6.9185
6.9181
6.9195
6.9181
6.9174
6.9175
6.9186
6.9189
6.9184
6.9185
6.9173
6.9166
6.9170
6.9161
6.9159
6.9147
6.9145
6.9132
6.9118
6.9117
6.9111
6.9115
6.9111
6.9114
6.9108
6.9108
6.9106
6.9107
6.9102
6.9097
6.9089
6.9089
6.9089
6.9087
6.9077
6.9075
6.9077
6.9083
6.9078
6.9079
6.9077
6.9079
6.9073
6.9075
6.9075
6.9068
6.9065
6.9067
6.9066
6.9056
6.9052
6.9051
6.9052
6.9052
6.9053
6.9057
6.9058
6.9059
6.9061
6.9060
6.9059
6.9059
6.9052
6.9052
6.9051
6.9048
