
7.2999
7.3170
7.3929
7.3996
7.4392
7.4838
7.5256
7.5098
7.5059
7.5178
7.5532
7.5173
7.5180
7.5359
7.5065
7.5087
7.4940
7.4949
7.4979
7.4989
7.5046
7.5041
7.5050
7.4920
7.4963
7.4869
7.4841
7.4765
7.4876
7.4843
7.4936
7.5011
7.4958
7.5009
7.5079
7.5129
7.5138
7.5126
7.5162
7.5168
7.5251
7.5170
7.5211
7.5269
7.5249
7.5190
7.5171
7.5155
7.5208
7.5236
7.5211
7.5181
7.5200
7.5259
7.5294
7.5332
7.5236
7.5218
7.5190
7.5210
7.5183
7.5177
7.5173
7.5191
7.5168
7.5174
7.5136
7.5128
7.5159
7.5231
7.5221
7.5167
7.5157
7.5183
7.5167
7.5128
7.5115
7.5080
7.5106
7.5135
7.5133
7.5114
7.5134
7.5152
7.5182
7.5187
7.5129
7.5180
7.5209
7.5196
7.5182
7.5169
7.5188
7.5190
7.5240
7.5252
7.5257
7.5263
7.5262
7.5232
