
6.9469
6.9185
6.9288
6.9423
6.9177
6.9177
6.9276
6.9396
6.9400
6.9304
6.9318
6.9323
6.9307
6.9326
6.9283
6.9263
6.9303
6.9322
6.9303
6.9271
6.9255
6.9253
6.9250
6.9221
6.9225
6.9225
6.9234
6.9207
6.9204
6.9203
6.9191
6.9188
6.9170
6.9184
6.9185
6.9181
6.9195
6.9181
6.9174
6.9175
6.9186
6.9189
6.9184
6.9185
6.9173
6.9166
6.9170
6.9161
6.9159
6.9147
6.9145
6.9132
6.9118
6.9117
6.9111
6.9115
6.9111
6.9114
6.9108
6.9108
6.9106
6.9107
6.9102
6.9097
6.9089
6.9089
6.9089
6.9087
6.9077
6.9075
6.9077
6.9083
6.9078
6.9079
6.9077
6.9079
6.9073
6.9075
6.9075
6.9068
6.9065
6.9067
6.9066
6.9056
6.9052
6.9051
6.9052
6.9052
6.9053
6.9057
6.9058
6.9059
6.9061
6.9060
6.9059
6.9059
6.9052
6.9052
6.9051
6.9048
