
7.3194
7.3651
7.4420
7.3929
7.3940
7.4155
7.4024
7.3564
7.3427
7.3380
7.3840
7.3907
7.3690
7.3834
7.3771
7.3587
7.3413
7.3523
7.3452
7.3531
7.3476
7.3444
7.3463
7.3411
7.3441
7.3483
7.3373
7.3386
7.3396
7.3455
7.3303
7.3289
7.3300
7.3271
7.3234
7.3131
7.3061
7.3039
7.3068
7.3104
7.3116
7.3158
7.3170
7.3149
7.3170
7.3212
7.3266
7.3257
7.3273
7.3243
7.3241
7.3224
7.3186
7.3175
7.3166
7.3172
7.3208
7.3184
7.3160
7.3146
7.3181
7.3175
7.3252
7.3243
7.3264
7.3341
7.3365
7.3388
7.3385
7.3361
7.3346
7.3319
7.3381
7.3413
7.3389
7.3386
7.3373
7.3359
7.3382
7.3397
7.3379
7.3361
7.3369
7.3374
7.3373
7.3361
7.3359
7.3358
7.3364
7.3430
7.3410
7.3427
7.3488
7.3490
7.3529
7.3562
7.3568
7.3559
7.3546
7.3536
