
7.2701
7.2716
7.3413
7.3182
7.3249
7.3173
7.3418
7.3370
7.3319
7.3300
7.3304
7.3532
7.3551
7.3452
7.3279
7.3423
7.3343
7.3386
7.3274
7.3254
7.3380
7.3508
7.3494
7.3429
7.3517
7.3503
7.3431
7.3279
7.3243
7.3212
7.3112
7.3192
7.3185
7.3238
7.3177
7.3248
7.3263
7.3293
7.3273
7.3299
7.3240
7.3225
7.3189
7.3204
7.3161
7.3124
7.3121
7.3071
7.3066
7.3104
7.3067
7.3045
7.3088
7.3075
7.3127
7.3162
7.3182
7.3169
7.3114
7.3117
7.3108
7.3071
7.3093
7.3125
7.3123
7.3114
7.3103
7.3119
7.3100
7.3070
7.3045
7.3051
7.3043
7.3041
7.3003
7.3003
7.3002
7.2987
7.2976
7.2941
7.2928
7.2917
7.2930
7.2926
7.2926
7.2959
7.2946
7.2969
7.2965
7.2958
7.2923
7.2903
7.2862
7.2841
7.2825
7.2808
7.2811
7.2817
7.2821
7.2812
