
6.9327
7.0466
7.1065
7.0840
7.1077
7.1241
7.1092
7.0928
7.0841
7.0768
7.0926
7.1114
7.1131
7.1050
7.1250
7.1257
7.1169
7.1081
7.1038
7.1171
7.1150
7.1144
7.1161
7.1259
7.1222
7.1225
7.1316
7.1317
7.1310
7.1374
7.1295
7.1308
7.1337
7.1350
7.1349
7.1444
7.1444
7.1449
7.1426
7.1410
7.1420
7.1464
7.1476
7.1475
7.1504
7.1544
7.1586
7.1574
7.1597
7.1606
7.1672
7.1657
7.1709
7.1746
7.1775
7.1823
7.1842
7.1868
7.1891
7.1904
7.1901
7.1869
7.1845
7.1879
7.1905
7.1923
7.1921
7.1942
7.1947
7.1977
7.1981
7.1980
7.1961
7.1940
7.1962
7.1961
7.1980
7.1969
7.2003
7.1970
7.2014
7.2007
7.2053
7.2066
7.2076
7.2078
7.2054
7.2052
7.2054
7.2081
7.2105
7.2108
7.2113
7.2100
7.2076
7.2093
7.2097
7.2111
7.2142
7.2148
