
7.3817
7.4404
7.5317
7.5726
7.5612
7.5019
7.5016
7.4830
7.5038
7.5263
7.5095
7.5251
7.5091
7.5043
7.5012
7.5228
7.5190
7.5028
7.5017
7.5020
7.5053
7.4863
7.4954
7.4975
7.5075
7.5058
7.5154
7.5129
7.5003
7.4987
7.4987
7.4996
7.4881
7.4843
7.4770
7.4684
7.4652
7.4640
7.4700
7.4648
7.4633
7.4623
7.4620
7.4653
7.4605
7.4676
7.4811
7.4749
7.4726
7.4676
7.4702
7.4696
7.4678
7.4651
7.4597
7.4621
7.4685
7.4700
7.4746
7.4708
7.4701
7.4746
7.4804
7.4853
7.4815
7.4875
7.4859
7.4847
7.4827
7.4794
7.4736
7.4757
7.4728
7.4776
7.4736
7.4716
7.4707
7.4745
7.4753
7.4757
7.4748
7.4733
7.4669
7.4667
7.4624
7.4609
7.4602
7.4565
7.4527
7.4503
7.4504
7.4454
7.4403
7.4442
7.4477
7.4437
7.4415
7.4382
7.4364
7.4360
