
7.4622
7.2835
7.1948
7.2128
7.1782
7.1996
7.1801
7.1575
7.1664
7.1517
7.1627
7.1512
7.1550
7.1766
7.1633
7.1589
7.1465
7.1567
7.1762
7.1719
7.1782
7.1799
7.1837
7.1835
7.1850
7.1804
7.1741
7.1762
7.1897
7.1891
7.1830
7.1880
7.1824
7.1791
7.1731
7.1730
7.1764
7.1770
7.1768
7.1792
7.1769
7.1713
7.1736
7.1722
7.1752
7.1724
7.1682
7.1667
7.1653
7.1640
7.1627
7.1607
7.1622
7.1639
7.1617
7.1622
7.1596
7.1565
7.1552
7.1577
7.1557
7.1570
7.1550
7.1540
7.1491
7.1456
7.1433
7.1398
7.1361
7.1342
7.1350
7.1329
7.1301
7.1282
7.1285
7.1251
7.1278
7.1291
7.1278
7.1265
7.1250
7.1219
7.1194
7.1197
7.1181
7.1172
7.1147
7.1140
7.1129
7.1128
7.1107
7.1096
7.1096
7.1086
7.1084
7.1072
7.1059
7.1054
7.1060
7.1053
