
7.4938
7.6886
7.6297
7.5195
7.6081
7.6496
7.6207
7.6015
7.5986
7.5707
7.6028
7.5862
7.5652
7.5806
7.5727
7.5527
7.5556
7.5664
7.5440
7.5480
7.5445
7.5381
7.5232
7.5115
7.5095
7.4993
7.5021
7.5148
7.5241
7.5149
7.5110
7.5068
7.5097
7.4986
7.5030
7.5025
7.5027
7.4936
7.4922
7.4884
7.4822
7.4751
7.4738
7.4667
7.4606
7.4584
7.4549
7.4560
7.4519
7.4518
7.4448
7.4381
7.4370
7.4318
7.4259
7.4236
7.4208
7.4181
7.4166
7.4085
7.4037
7.3989
7.3972
7.3913
7.3870
7.3876
7.3884
7.3830
7.3783
7.3742
7.3725
7.3683
7.3628
7.3598
7.3547
7.3520
7.3508
7.3474
7.3427
7.3396
7.3365
7.3357
7.3326
7.3305
7.3299
7.3269
7.3234
7.3214
7.3214
7.3188
7.3146
7.3130
7.3095
7.3064
7.3069
7.3038
7.3009
7.3027
7.3020
7.2997
