
6.9197
6.9373
6.9619
6.9614
6.9291
6.9379
6.9425
6.9356
6.9358
6.9400
6.9347
6.9318
6.9296
6.9266
6.9295
6.9323
6.9301
6.9311
6.9369
6.9373
6.9404
6.9443
6.9415
6.9385
6.9371
6.9366
6.9377
6.9402
6.9386
6.9370
6.9391
6.9399
6.9353
6.9333
6.9338
6.9328
6.9340
6.9351
6.9328
6.9322
6.9322
6.9347
6.9371
6.9364
6.9362
6.9361
6.9374
6.9388
6.9385
6.9385
6.9386
6.9400
6.9396
6.9400
6.9420
6.9432
6.9424
6.9416
6.9421
6.9423
6.9450
6.9449
6.9439
6.9444
6.9453
6.9459
6.9452
6.9449
6.9453
6.9447
6.9438
6.9439
6.9443
6.9442
6.9442
6.9446
6.9440
6.9441
6.9440
6.9436
6.9429
6.9427
6.9427
6.9422
6.9419
6.9414
6.9414
6.9413
6.9408
6.9404
6.9398
6.9393
6.9388
6.9385
6.9385
6.9381
6.9379
6.9372
6.9368
6.9369
