
6.9545
7.0033
7.0880
7.0569
7.0465
7.0424
7.0327
7.0226
7.0313
7.0408
7.0458
7.0376
7.0372
7.0379
7.0362
7.0342
7.0315
7.0250
7.0226
7.0146
7.0080
7.0054
7.0011
7.0025
7.0058
7.0062
7.0039
7.0083
7.0118
7.0097
7.0075
7.0102
7.0099
7.0076
7.0080
7.0071
7.0055
7.0050
7.0020
7.0018
7.0009
7.0007
7.0007
7.0006
7.0012
7.0036
7.0053
7.0049
7.0049
7.0041
7.0026
7.0022
7.0013
7.0026
7.0032
7.0029
7.0012
7.0023
7.0030
7.0025
7.0029
7.0015
7.0007
6.9991
6.9999
6.9984
6.9972
6.9956
6.9954
6.9937
6.9949
6.9948
6.9941
6.9958
6.9944
6.9939
6.9930
6.9931
6.9921
6.9919
6.9912
6.9906
6.9900
6.9906
6.9885
6.9876
6.9870
6.9862
6.9863
6.9859
6.9857
6.9860
6.9859
6.9853
6.9852
6.9853
6.9847
6.9842
6.9845
6.9834
