
6.9527
6.9479
6.9509
6.9356
6.9424
6.9407
6.9427
6.9426
6.9417
6.9400
6.9418
6.9406
6.9409
6.9411
6.9386
6.9369
6.9360
6.9344
6.9336
6.9312
6.9298
6.9290
6.9283
6.9282
6.9273
6.9268
6.9267
6.9265
6.9275
6.9261
6.9260
6.9255
6.9256
6.9250
6.9241
6.9240
6.9239
6.9233
6.9235
6.9240
6.9237
6.9238
6.9233
6.9230
6.9231
6.9231
6.9226
6.9221
6.9221
6.9215
6.9214
6.9211
6.9208
6.9207
6.9203
6.9201
6.9201
6.9199
6.9196
6.9196
6.9194
6.9192
6.9189
6.9186
6.9185
6.9180
6.9177
6.9177
6.9173
6.9171
6.9167
6.9165
6.9163
6.9160
6.9160
6.9159
6.9158
6.9161
6.9156
6.9162
6.9168
6.9168
6.9170
6.9168
6.9171
6.9171
6.9169
6.9168
6.9167
6.9167
6.9165
6.9166
6.9164
6.9164
6.9163
6.9163
6.9162
6.9161
6.9160
6.9158
6.9158
6.9157
6.9156
6.9155
6.9154
6.9153
6.9153
6.9151
6.9150
6.9150
6.9150
6.9150
6.9151
6.9150
6.9151
6.9150
6.9148
6.9148
6.9148
6.9147
6.9146
6.9144
6.9144
6.9144
6.9143
6.9142
6.9142
6.9142
6.9142
6.9142
6.9142
6.9142
6.9141
6.9141
6.9140
6.9140
6.9140
6.9139
6.9139
6.9139
6.9139
6.9139
6.9139
6.9139
6.9138
6.9136
6.9137
6.9135
6.9135
6.9136
6.9136
6.9135
6.9134
6.9133
6.9134
6.9133
6.9132
6.9132
6.9131
6.9130
6.9130
6.9130
6.9130
6.9130
6.9131
6.9130
6.9130
6.9130
6.9130
6.9129
6.9130
6.9130
6.9130
6.9130
6.9129
6.9129
6.9129
6.9128
6.9129
6.9129
6.9128
6.9129
6.9129
6.9129
6.9128
6.9128
6.9127
6.9127
6.9126
6.9126
6.9125
6.9125
6.9124
6.9123
6.9123
6.9122
6.9122
6.9123
6.9122
6.9121

6.9139
6.9103
6.9112
6.9141
6.9096
6.9094
6.9082
6.9082
6.9081
6.9100
6.9101
6.9106
6.9111
6.9128
6.9131
6.9127
6.9136
6.9143
6.9145
6.9141
6.9142
6.9141
6.9144
6.9141
6.9133
6.9136
6.9138
6.9130
6.9137
6.9138
6.9139
6.9130
6.9121
6.9115
6.9117
6.9118
6.9117
6.9116
6.9116
6.9118
6.9116
6.9115
6.9118
6.9122
6.9124
6.9122
6.9126
6.9123
6.9122
6.9119
6.9118
6.9116
6.9118
6.9117
6.9116
6.9120
6.9122
6.9121
6.9115
6.9112
6.9118
6.9117
6.9119
6.9119
6.9122
6.9124
6.9125
6.9123
6.9124
6.9124
6.9123
6.9122
6.9121
6.9123
6.9123
6.9123
6.9119
6.9118
6.9113
6.9114
6.9112
6.9116
6.9117
6.9119
6.9120
6.9122
6.9126
6.9124
6.9124
6.9121
6.9120
6.9122
6.9122
6.9125
6.9125
6.9123
6.9125
6.9124
6.9125
6.9126
6.9129
6.9128
6.9128
6.9126
6.9122
6.9121
6.9124
6.9122
6.9124
6.9126
6.9126
6.9125
6.9126
6.9124
6.9124
6.9123
6.9122
6.9123
6.9123
6.9123
6.9124
6.9127
6.9128
6.9130
6.9129
6.9128
6.9129
6.9128
6.9128
6.9129
6.9129
6.9130
6.9129
6.9129
6.9129
6.9130
6.9132
6.9132
6.9132
6.9132
6.9131
6.9129
6.9130
6.9129
6.9130
6.9130
6.9129
6.9130
6.9130
6.9132
6.9132
6.9131
6.9130
6.9131
6.9130
6.9132
6.9130
6.9130
6.9130
6.9132
6.9133
6.9134
6.9133
6.9133
6.9133
6.9132
6.9135
6.9135
6.9134
6.9134
6.9133
6.9133
6.9132
6.9133
6.9134
6.9133
6.9133
6.9133
6.9133
6.9133
6.9135
6.9135
6.9136
6.9136
6.9136
6.9137
6.9139
6.9140
6.9141
6.9141
6.9142
6.9142
6.9142
6.9144
6.9144
6.9145
6.9144
6.9144
6.9146
6.9145

6.9185
6.9055
6.9004
6.9120
6.9115
6.9136
6.9167
6.9148
6.9139
6.9120
6.9122
6.9117
6.9113
6.9106
6.9121
6.9124
6.9138
6.9133
6.9139
6.9129
6.9146
6.9136
6.9142
6.9137
6.9140
6.9150
6.9149
6.9152
6.9160
6.9155
6.9156
6.9154
6.9167
6.9172
6.9176
6.9174
6.9176
6.9171
6.9170
6.9173
6.9172
6.9170
6.9167
6.9169
6.9177
6.9176
6.9165
6.9172
6.9167
6.9174
6.9174
6.9178
6.9184
6.9188
6.9180
6.9186
6.9185
6.9185
6.9188
6.9188
6.9191
6.9190
6.9188
6.9185
6.9184
6.9184
6.9183
6.9182
6.9183
6.9187
6.9185
6.9188
6.9188
6.9192
6.9191
6.9189
6.9189
6.9188
6.9188
6.9187
6.9187
6.9190
6.9189
6.9190
6.9191
6.9195
6.9195
6.9192
6.9192
6.9187
6.9187
6.9187
6.9188
6.9186
6.9179
6.9177
6.9179
6.9181
6.9180
6.9180
6.9179
6.9174
6.9173
6.9173
6.9172
6.9174
6.9176
6.9174
6.9171
6.9172
6.9171
6.9169
6.9172
6.9175
6.9176
6.9176
6.9176
6.9174
6.9174
6.9175
6.9175
6.9177
6.9178
6.9181
6.9180
6.9180
6.9183
6.9184
6.9184
6.9186
6.9185
6.9185
6.9184
6.9185
6.9188
6.9186
6.9191
6.9191
6.9190
6.9189
6.9190
6.9190
6.9188
6.9190
6.9190
6.9192
6.9191
6.9190
6.9188
6.9187
6.9189
6.9189
6.9189
6.9190
6.9190
6.9191
6.9189
6.9189
6.9190
6.9192
6.9193
6.9190
6.9189
6.9191
6.9194
6.9194
6.9193
6.9194
6.9195
6.9194
6.9195
6.9194
6.9195
6.9195
6.9194
6.9196
6.9197
6.9196
6.9197
6.9197
6.9197
6.9197
6.9195
6.9197
6.9197
6.9198
6.9198
6.9196
6.9197
6.9198
6.9199
6.9198
6.9199
6.9199
6.9200
6.9198
6.9198
6.9197
6.9197
6.9198

6.9091
6.8924
6.9075
6.9101
6.9072
6.9152
6.9152
6.9179
6.9219
6.9258
6.9281
6.9264
6.9277
6.9265
6.9289
6.9283
6.9282
6.9269
6.9263
6.9244
6.9232
6.9221
6.9220
6.9220
6.9213
6.9222
6.9214
6.9211
6.9197
6.9212
6.9221
6.9216
6.9212
6.9215
6.9218
6.9219
6.9226
6.9225
6.9234
6.9243
6.9229
6.9228
6.9232
6.9233
6.9227
6.9235
6.9227
6.9225
6.9227
6.9221
6.9221
6.9222
6.9225
6.9221
6.9228
6.9221
6.9227
6.9225
6.9224
6.9222
6.9225
6.9227
6.9229
6.9225
6.9217
6.9217
6.9216
6.9221
6.9219
6.9217
6.9215
6.9217
6.9215
6.9212
6.9208
6.9208
6.9204
6.9201
6.9204
6.9202
6.9206
6.9209
6.9212
6.9210
6.9210
6.9210
6.9210
6.9210
6.9208
6.9211
6.9207
6.9207
6.9211
6.9209
6.9210
6.9213
6.9214
6.9214
6.9211
6.9210
6.9204
6.9206
6.9207
6.9207
6.9208
6.9208
6.9204
6.9208
6.9206
6.9206
6.9208
6.9207
6.9210
6.9211
6.9214
6.9216
6.9220
6.9216
6.9217
6.9219
6.9223
6.9225
6.9226
6.9228
6.9230
6.9230
6.9228
6.9231
6.9229
6.9231
6.9233
6.9233
6.9230
6.9229
6.9232
6.9231
6.9232
6.9225
6.9226
6.9226
6.9224
6.9221
6.9223
6.9222
6.9223
6.9221
6.9227
6.9226
6.9227
6.9227
6.9226
6.9230
6.9233
6.9232
6.9232
6.9231
6.9231
6.9230
6.9228
6.9230
6.9231
6.9228
6.9232
6.9236
6.9237
6.9237
6.9236
6.9237
6.9237
6.9236
6.9237
6.9238
6.9236
6.9236
6.9236
6.9237
6.9237
6.9234
6.9234
6.9234
6.9237
6.9238
6.9239
6.9237
6.9235
6.9237
6.9237
6.9237
6.9239
6.9239
6.9236
6.9235
6.9234
6.9237
6.9238
6.9237
6.9237
6.9236
6.9238
6.9237

6.9396
6.9450
6.9248
6.9088
6.9109
6.9097
6.9110
6.9146
6.9137
6.9149
6.9090
6.9078
6.9109
6.9112
6.9095
6.9114
6.9129
6.9108
6.9113
6.9104
6.9096
6.9094
6.9118
6.9145
6.9168
6.9182
6.9192
6.9202
6.9208
6.9208
6.9206
6.9207
6.9205
6.9209
6.9217
6.9210
6.9210
6.9210
6.9205
6.9206
6.9198
6.9200
6.9201
6.9195
6.9188
6.9193
6.9193
6.9197
6.9197
6.9195
6.9188
6.9189
6.9184
6.9187
6.9181
6.9177
6.9175
6.9179
6.9183
6.9185
6.9184
6.9190
6.9190
6.9181
6.9185
6.9188
6.9199
6.9199
6.9199
6.9195
6.9202
6.9204
6.9212
6.9211
6.9210
6.9210
6.9209
6.9212
6.9217
6.9217
6.9216
6.9211
6.9209
6.9213
6.9218
6.9218
6.9222
6.9225
6.9223
6.9226
6.9230
6.9232
6.9233
6.9239
6.9240
6.9238
6.9236
6.9236
6.9242
6.9241
6.9240
6.9240
6.9240
6.9239
6.9238
6.9242
6.9237
6.9238
6.9236
6.9238
6.9239
6.9241
6.9236
6.9235
6.9234
6.9237
6.9236
6.9237
6.9234
6.9235
6.9235
6.9237
6.9235
6.9237
6.9237
6.9234
6.9234
6.9232
6.9233
6.9230
6.9230
6.9231
6.9227
6.9226
6.9228
6.9229
6.9227
6.9228
6.9228
6.9226
6.9228
6.9228
6.9227
6.9229
6.9229
6.9230
6.9227
6.9222
6.9224
6.9222
6.9222
6.9224
6.9224
6.9228
6.9228
6.9227
6.9226
6.9231
6.9225
6.9226
6.9225
6.9226
6.9228
6.9229
6.9231
6.9231
6.9230
6.9230
6.9230
6.9232
6.9232
6.9232
6.9232
6.9230
6.9232
6.9230
6.9228
6.9229
6.9229
6.9230
6.9231
6.9231
6.9231
6.9233
6.9233
6.9230
6.9231
6.9231
6.9231
6.9229
6.9231
6.9230
6.9230
6.9228
6.9228
6.9227
6.9230
6.9230
6.9228
6.9229

6.8937
6.8956
6.9062
6.9216
6.9248
6.9199
6.9154
6.9191
6.9212
6.9212
6.9236
6.9216
6.9202
6.9220
6.9207
6.9194
6.9231
6.9229
6.9252
6.9259
6.9258
6.9248
6.9248
6.9250
6.9240
6.9245
6.9251
6.9253
6.9256
6.9258
6.9262
6.9255
6.9264
6.9273
6.9264
6.9258
6.9249
6.9255
7.0211
7.1776
7.2171
7.2104
7.2026
7.1970
7.1912
7.1849
7.1786
7.1736
7.1690
7.1636
7.1585
7.1543
7.1495
7.1459
7.1424
7.1382
7.1347
7.1307
7.1269
7.1235
7.1207
7.1176
7.1146
7.1115
7.1092
7.1064
7.1032
7.1000
7.0978
7.0950
7.0926
7.0905
7.0882
7.1098
7.1459
7.1502
7.1478
7.1451
7.1424
7.1397
7.1367
7.1341
7.1318
7.1296
7.1267
7.1244
7.1220
7.1197
7.1175
7.1152
7.1130
7.1117
7.1100
7.1078
7.1057
7.1043
7.1025
7.1007
7.1008
7.0997
7.0982
7.0968
7.0951
7.0938
7.0927
7.0911
7.0897
7.0881
7.0864
7.0850
7.0834
7.0821
7.0804
7.0791
7.0784
7.0774
7.0768
7.0754
7.0743
7.0734
7.0724
7.0710
7.0694
7.0683
7.0665
7.0653
7.0643
7.0630
7.0620
7.0617
7.0610
7.0603
7.0591
7.0580
7.0570
7.0560
7.0549
7.0539
7.0529
7.0520
7.0510
7.0501
7.0491
7.0482
7.0477
7.0467
7.0460
7.0450
7.0442
7.0433
7.0429
7.0417
7.0411
7.0404
7.0398
7.0391
7.0381
7.0376
7.0369
7.0363
7.0354
7.0344
7.0339
7.0332
7.0326
7.0322
7.0315
7.0311
7.0307
7.0302
7.0296
7.0293
7.0288
7.0282
7.0277
7.0270
7.0265
7.0258
7.0252
7.0247
7.0244
7.0241
7.0238
7.0232
7.0229
7.0224
7.0220
7.0215
7.0209
7.0203
7.0199
7.0196
7.0191
7.0190
7.0184
7.0180
7.0177
7.0171
7.0168
7.0164

6.8715
6.8714
6.8709
6.8834
6.8976
6.8906
6.8964
6.9109
6.9109
6.9126
6.9137
6.9189
6.9212
6.9200
6.9227
6.9249
6.9301
6.9312
6.9295
6.9284
6.9286
6.9297
6.9362
6.9368
6.9359
6.9413
6.9504
6.9654
6.9691
6.9799
6.9830
6.9808
6.9787
6.9968
7.0087
7.0060
7.0045
7.0035
7.0020
7.0007
7.0001
6.9984
6.9964
6.9954
6.9951
6.9939
6.9939
6.9924
6.9925
6.9910
6.9898
6.9887
6.9878
6.9867
6.9857
6.9867
6.9850
6.9839
6.9833
6.9826
6.9812
6.9800
6.9791
6.9784
6.9774
6.9774
6.9766
6.9772
6.9764
6.9759
6.9745
6.9739
6.9738
6.9730
6.9722
6.9713
6.9707
6.9714
6.9710
6.9705
6.9697
6.9692
6.9685
6.9682
6.9676
6.9676
6.9673
6.9667
6.9663
6.9650
6.9645
6.9636
6.9636
6.9633
6.9634
6.9631
6.9623
6.9621
6.9625
6.9618
6.9612
6.9614
6.9609
6.9609
6.9608
6.9603
6.9605
6.9601
6.9597
6.9594
6.9586
6.9585
6.9584
6.9582
6.9583
6.9578
6.9580
6.9580
6.9576
6.9573
6.9568
6.9563
6.9556
6.9552
6.9552
6.9551
6.9548
6.9545
6.9548
6.9545
6.9542
6.9542
6.9544
6.9547
6.9543
6.9544
6.9542
6.9542
6.9544
6.9540
6.9543
6.9540
6.9540
6.9535
6.9537
6.9537
6.9533
6.9534
6.9534
6.9534
6.9532
6.9527
6.9525
6.9522
6.9522
6.9521
6.9520
6.9520
6.9516
6.9514
6.9514
6.9509
6.9505
6.9498
6.9500
6.9499
6.9492
6.9496
6.9493
6.9492
6.9492
6.9494
6.9493
6.9491
6.9488
6.9486
6.9486
6.9486
6.9486
6.9480
6.9479
6.9479
6.9476
6.9474
6.9474
6.9475
6.9472
6.9468
6.9469
6.9466
6.9464
6.9463
6.9462
6.9459
6.9458
6.9457
6.9456
6.9452
6.9451
6.9448

6.9250
6.9250
6.9051
6.9177
6.9137
6.9030
6.9132
6.9166
6.9179
6.9191
6.9238
6.9226
6.9228
6.9243
6.9250
6.9240
6.9237
6.9250
6.9253
6.9272
6.9275
6.9248
6.9249
6.9253
6.9254
6.9267
6.9290
6.9286
6.9303
6.9297
6.9313
6.9305
6.9321
6.9309
6.9317
6.9313
6.9326
6.9304
6.9297
6.9307
6.9313
6.9312
6.9306
6.9296
6.9296
6.9294
6.9301
6.9304
6.9290
6.9289
6.9291
6.9289
6.9289
6.9283
6.9290
6.9285
6.9289
6.9294
6.9299
6.9305
6.9304
6.9296
6.9296
6.9291
6.9298
6.9306
6.9305
6.9313
6.9311
6.9320
6.9323
6.9325
6.9325
6.9330
6.9341
6.9337
6.9341
6.9345
6.9348
6.9343
6.9346
6.9347
6.9347
6.9346
6.9342
6.9344
6.9347
6.9346
6.9352
6.9354
6.9354
6.9351
6.9347
6.9346
6.9345
6.9341
6.9339
6.9337
6.9343
6.9341
6.9341
6.9340
6.9337
6.9340
6.9338
6.9340
6.9341
6.9346
6.9345
6.9350
6.9350
6.9349
6.9345
6.9346
6.9347
6.9343
6.9341
6.9339
6.9340
6.9335
6.9332
6.9330
6.9333
6.9329
6.9330
6.9332
6.9333
6.9332
6.9332
6.9326
6.9325
6.9327
6.9327
6.9328
6.9327
6.9326
6.9326
6.9331
6.9330
6.9328
6.9321
6.9322
6.9324
6.9327
6.9328
6.9331
6.9329
6.9326
6.9327
6.9326
6.9324
6.9324
6.9322
6.9321
6.9321
6.9323
6.9325
6.9325
6.9322
6.9323
6.9323
6.9323
6.9322
6.9321
6.9322
6.9322
6.9320
6.9319
6.9316
6.9316
6.9315
6.9314
6.9316
6.9316
6.9318
6.9320
6.9321
6.9317
6.9315
6.9313
6.9312
6.9315
6.9316
6.9314
6.9317
6.9316
6.9354
6.9384
6.9385
6.9387
6.9387
6.9386
6.9385
6.9384
6.9382
6.9382
6.9381
6.9382
6.9382
6.9380

6.9721
6.9537
6.9366
6.9331
6.9267
6.9307
6.9358
6.9476
6.9413
6.9380
6.9305
6.9312
6.9309
6.9327
6.9311
6.9317
6.9294
6.9311
6.9321
6.9325
6.9329
6.9338
6.9340
6.9341
6.9326
6.9315
6.9312
6.9310
6.9309
6.9306
6.9305
6.9300
6.9298
6.9297
6.9296
6.9284
6.9278
6.9271
6.9269
6.9266
6.9266
6.9278
6.9272
6.9279
6.9283
6.9287
6.9279
6.9267
6.9256
6.9248
6.9256
6.9258
6.9253
6.9260
6.9266
6.9273
6.9280
6.9283
6.9289
6.9294
6.9298
6.9299
6.9294
6.9300
6.9306
6.9312
6.9306
6.9303
6.9303
6.9302
6.9300
6.9303
6.9307
6.9302
6.9297
6.9301
6.9303
6.9304
6.9306
6.9306
6.9304
6.9307
6.9305
6.9303
6.9307
6.9304
6.9304
6.9307
6.9309
6.9304
6.9305
6.9301
6.9296
6.9304
6.9308
6.9306
6.9313
6.9314
6.9314
6.9314
6.9313
6.9317
6.9317
6.9316
6.9313
6.9313
6.9315
6.9318
6.9325
6.9325
6.9323
6.9331
6.9326
6.9329
6.9332
6.9334
6.9340
6.9338
6.9343
6.9347
6.9349
6.9348
6.9348
6.9349
6.9349
6.9350
6.9347
6.9344
6.9343
6.9342
6.9337
6.9334
6.9336
6.9335
6.9336
6.9338
6.9333
6.9333
6.9331
6.9330
6.9328
6.9328
6.9330
6.9334
6.9335
6.9336
6.9334
6.9334
6.9338
6.9339
6.9337
6.9337
6.9337
6.9339
6.9336
6.9337
6.9336
6.9336
6.9337
6.9334
6.9333
6.9338
6.9339
6.9334
6.9334
6.9336
6.9339
6.9340
6.9339
6.9340
6.9343
6.9340
6.9341
6.9343
6.9341
6.9340
6.9343
6.9343
6.9340
6.9340
6.9340
6.9339
6.9336
6.9335
6.9338
6.9338
6.9335
6.9338
6.9335
6.9334
6.9339
6.9339
6.9337
6.9334
6.9331
6.9331
6.9331
6.9329
6.9327
6.9325

6.9268
6.9340
6.9548
6.9470
6.9488
6.9477
6.9465
6.9466
6.9502
6.9514
6.9522
6.9491
6.9525
6.9484
6.9447
6.9434
6.9438
6.9427
6.9441
6.9454
6.9470
6.9461
6.9457
6.9451
6.9583
6.9580
6.9586
6.9582
6.9553
6.9560
6.9564
6.9545
6.9547
6.9530
6.9544
6.9544
6.9546
6.9537
6.9538
6.9532
6.9525
6.9526
6.9526
6.9513
6.9517
6.9503
6.9501
6.9493
6.9489
6.9489
6.9485
6.9478
6.9475
6.9474
6.9471
6.9475
6.9473
6.9470
6.9465
6.9455
7.0803
7.2218
7.3554
7.4702
7.5659
7.5934
7.5834
7.5736
7.5642
7.5555
7.5467
7.5380
7.5309
7.5232
7.5153
7.5077
7.4998
7.4924
7.4847
7.4776
7.4715
7.4638
7.4566
7.4494
7.4434
7.4371
7.4308
7.4257
7.4205
7.4155
7.4098
7.4039
7.3991
7.3945
7.3892
7.3850
7.3806
7.3760
7.3709
7.3658
7.3615
7.3574
7.3532
7.3493
7.3457
7.3414
7.3372
7.3338
7.3298
7.3267
7.3228
7.3196
7.3159
7.3123
7.3083
7.3046
7.3017
7.2988
7.2955
7.2926
7.2889
7.2856
7.2827
7.2795
7.2769
7.2740
7.2712
7.2688
7.2661
7.2631
7.2604
7.2579
7.2557
7.2535
7.2511
7.2486
7.2465
7.2445
7.2421
7.2400
7.2380
7.2359
7.2343
7.2320
7.2297
7.2276
7.2257
7.2237
7.2218
7.2199
7.2179
7.2162
7.2144
7.2127
7.2106
7.2087
7.2065
7.2049
7.2030
7.2013
7.1995
7.1977
7.1962
7.1948
7.1934
7.1920
7.1905
7.1890
7.1876
7.1862
7.1853
7.1837
7.1821
7.1804
7.1786
7.1773
7.1759
7.1746
7.1732
7.1719
7.1710
7.1696
7.1682
7.1670
7.1657
7.1644
7.1633
7.1619
7.1609
7.1598
7.1589
7.1578
7.1566
7.1554
7.1542
7.1530
7.1519
7.1511
7.1500
7.1491
