
6.8715
6.8714
6.8709
6.8834
6.8976
6.8906
6.8964
6.9109
6.9109
6.9126
6.9137
6.9189
6.9212
6.9200
6.9227
6.9249
6.9301
6.9312
6.9295
6.9284
6.9286
6.9297
6.9362
6.9368
6.9359
6.9413
6.9504
6.9654
6.9691
6.9799
6.9830
6.9808
6.9787
6.9968
7.0087
7.0060
7.0045
7.0035
7.0020
7.0007
7.0001
6.9984
6.9964
6.9954
6.9951
6.9939
6.9939
6.9924
6.9925
6.9910
6.9898
6.9887
6.9878
6.9867
6.9857
6.9867
6.9850
6.9839
6.9833
6.9826
6.9812
6.9800
6.9791
6.9784
6.9774
6.9774
6.9766
6.9772
6.9764
6.9759
6.9745
6.9739
6.9738
6.9730
6.9722
6.9713
6.9707
6.9714
6.9710
6.9705
6.9697
6.9692
6.9685
6.9682
6.9676
6.9676
6.9673
6.9667
6.9663
6.9650
6.9645
6.9636
6.9636
6.9633
6.9634
6.9631
6.9623
6.9621
6.9625
6.9618
6.9612
6.9614
6.9609
6.9609
6.9608
6.9603
6.9605
6.9601
6.9597
6.9594
6.9586
6.9585
6.9584
6.9582
6.9583
6.9578
6.9580
6.9580
6.9576
6.9573
6.9568
6.9563
6.9556
6.9552
6.9552
6.9551
6.9548
6.9545
6.9548
6.9545
6.9542
6.9542
6.9544
6.9547
6.9543
6.9544
6.9542
6.9542
6.9544
6.9540
6.9543
6.9540
6.9540
6.9535
6.9537
6.9537
6.9533
6.9534
6.9534
6.9534
6.9532
6.9527
6.9525
6.9522
6.9522
6.9521
6.9520
6.9520
6.9516
6.9514
6.9514
6.9509
6.9505
6.9498
6.9500
6.9499
6.9492
6.9496
6.9493
6.9492
6.9492
6.9494
6.9493
6.9491
6.9488
6.9486
6.9486
6.9486
6.9486
6.9480
6.9479
6.9479
6.9476
6.9474
6.9474
6.9475
6.9472
6.9468
6.9469
6.9466
6.9464
6.9463
6.9462
6.9459
6.9458
6.9457
6.9456
6.9452
6.9451
6.9448
