
6.9268
6.9340
6.9548
6.9470
6.9488
6.9477
6.9465
6.9466
6.9502
6.9514
6.9522
6.9491
6.9525
6.9484
6.9447
6.9434
6.9438
6.9427
6.9441
6.9454
6.9470
6.9461
6.9457
6.9451
6.9583
6.9580
6.9586
6.9582
6.9553
6.9560
6.9564
6.9545
6.9547
6.9530
6.9544
6.9544
6.9546
6.9537
6.9538
6.9532
6.9525
6.9526
6.9526
6.9513
6.9517
6.9503
6.9501
6.9493
6.9489
6.9489
6.9485
6.9478
6.9475
6.9474
6.9471
6.9475
6.9473
6.9470
6.9465
6.9455
7.0803
7.2218
7.3554
7.4702
7.5659
7.5934
7.5834
7.5736
7.5642
7.5555
7.5467
7.5380
7.5309
7.5232
7.5153
7.5077
7.4998
7.4924
7.4847
7.4776
7.4715
7.4638
7.4566
7.4494
7.4434
7.4371
7.4308
7.4257
7.4205
7.4155
7.4098
7.4039
7.3991
7.3945
7.3892
7.3850
7.3806
7.3760
7.3709
7.3658
7.3615
7.3574
7.3532
7.3493
7.3457
7.3414
7.3372
7.3338
7.3298
7.3267
7.3228
7.3196
7.3159
7.3123
7.3083
7.3046
7.3017
7.2988
7.2955
7.2926
7.2889
7.2856
7.2827
7.2795
7.2769
7.2740
7.2712
7.2688
7.2661
7.2631
7.2604
7.2579
7.2557
7.2535
7.2511
7.2486
7.2465
7.2445
7.2421
7.2400
7.2380
7.2359
7.2343
7.2320
7.2297
7.2276
7.2257
7.2237
7.2218
7.2199
7.2179
7.2162
7.2144
7.2127
7.2106
7.2087
7.2065
7.2049
7.2030
7.2013
7.1995
7.1977
7.1962
7.1948
7.1934
7.1920
7.1905
7.1890
7.1876
7.1862
7.1853
7.1837
7.1821
7.1804
7.1786
7.1773
7.1759
7.1746
7.1732
7.1719
7.1710
7.1696
7.1682
7.1670
7.1657
7.1644
7.1633
7.1619
7.1609
7.1598
7.1589
7.1578
7.1566
7.1554
7.1542
7.1530
7.1519
7.1511
7.1500
7.1491
