
6.9396
6.9450
6.9248
6.9088
6.9109
6.9097
6.9110
6.9146
6.9137
6.9149
6.9090
6.9078
6.9109
6.9112
6.9095
6.9114
6.9129
6.9108
6.9113
6.9104
6.9096
6.9094
6.9118
6.9145
6.9168
6.9182
6.9192
6.9202
6.9208
6.9208
6.9206
6.9207
6.9205
6.9209
6.9217
6.9210
6.9210
6.9210
6.9205
6.9206
6.9198
6.9200
6.9201
6.9195
6.9188
6.9193
6.9193
6.9197
6.9197
6.9195
6.9188
6.9189
6.9184
6.9187
6.9181
6.9177
6.9175
6.9179
6.9183
6.9185
6.9184
6.9190
6.9190
6.9181
6.9185
6.9188
6.9199
6.9199
6.9199
6.9195
6.9202
6.9204
6.9212
6.9211
6.9210
6.9210
6.9209
6.9212
6.9217
6.9217
6.9216
6.9211
6.9209
6.9213
6.9218
6.9218
6.9222
6.9225
6.9223
6.9226
6.9230
6.9232
6.9233
6.9239
6.9240
6.9238
6.9236
6.9236
6.9242
6.9241
6.9240
6.9240
6.9240
6.9239
6.9238
6.9242
6.9237
6.9238
6.9236
6.9238
6.9239
6.9241
6.9236
6.9235
6.9234
6.9237
6.9236
6.9237
6.9234
6.9235
6.9235
6.9237
6.9235
6.9237
6.9237
6.9234
6.9234
6.9232
6.9233
6.9230
6.9230
6.9231
6.9227
6.9226
6.9228
6.9229
6.9227
6.9228
6.9228
6.9226
6.9228
6.9228
6.9227
6.9229
6.9229
6.9230
6.9227
6.9222
6.9224
6.9222
6.9222
6.9224
6.9224
6.9228
6.9228
6.9227
6.9226
6.9231
6.9225
6.9226
6.9225
6.9226
6.9228
6.9229
6.9231
6.9231
6.9230
6.9230
6.9230
6.9232
6.9232
6.9232
6.9232
6.9230
6.9232
6.9230
6.9228
6.9229
6.9229
6.9230
6.9231
6.9231
6.9231
6.9233
6.9233
6.9230
6.9231
6.9231
6.9231
6.9229
6.9231
6.9230
6.9230
6.9228
6.9228
6.9227
6.9230
6.9230
6.9228
6.9229
