
6.9250
6.9250
6.9051
6.9177
6.9137
6.9030
6.9132
6.9166
6.9179
6.9191
6.9238
6.9226
6.9228
6.9243
6.9250
6.9240
6.9237
6.9250
6.9253
6.9272
6.9275
6.9248
6.9249
6.9253
6.9254
6.9267
6.9290
6.9286
6.9303
6.9297
6.9313
6.9305
6.9321
6.9309
6.9317
6.9313
6.9326
6.9304
6.9297
6.9307
6.9313
6.9312
6.9306
6.9296
6.9296
6.9294
6.9301
6.9304
6.9290
6.9289
6.9291
6.9289
6.9289
6.9283
6.9290
6.9285
6.9289
6.9294
6.9299
6.9305
6.9304
6.9296
6.9296
6.9291
6.9298
6.9306
6.9305
6.9313
6.9311
6.9320
6.9323
6.9325
6.9325
6.9330
6.9341
6.9337
6.9341
6.9345
6.9348
6.9343
6.9346
6.9347
6.9347
6.9346
6.9342
6.9344
6.9347
6.9346
6.9352
6.9354
6.9354
6.9351
6.9347
6.9346
6.9345
6.9341
6.9339
6.9337
6.9343
6.9341
6.9341
6.9340
6.9337
6.9340
6.9338
6.9340
6.9341
6.9346
6.9345
6.9350
6.9350
6.9349
6.9345
6.9346
6.9347
6.9343
6.9341
6.9339
6.9340
6.9335
6.9332
6.9330
6.9333
6.9329
6.9330
6.9332
6.9333
6.9332
6.9332
6.9326
6.9325
6.9327
6.9327
6.9328
6.9327
6.9326
6.9326
6.9331
6.9330
6.9328
6.9321
6.9322
6.9324
6.9327
6.9328
6.9331
6.9329
6.9326
6.9327
6.9326
6.9324
6.9324
6.9322
6.9321
6.9321
6.9323
6.9325
6.9325
6.9322
6.9323
6.9323
6.9323
6.9322
6.9321
6.9322
6.9322
6.9320
6.9319
6.9316
6.9316
6.9315
6.9314
6.9316
6.9316
6.9318
6.9320
6.9321
6.9317
6.9315
6.9313
6.9312
6.9315
6.9316
6.9314
6.9317
6.9316
6.9354
6.9384
6.9385
6.9387
6.9387
6.9386
6.9385
6.9384
6.9382
6.9382
6.9381
6.9382
6.9382
6.9380
