
6.9185
6.9055
6.9004
6.9120
6.9115
6.9136
6.9167
6.9148
6.9139
6.9120
6.9122
6.9117
6.9113
6.9106
6.9121
6.9124
6.9138
6.9133
6.9139
6.9129
6.9146
6.9136
6.9142
6.9137
6.9140
6.9150
6.9149
6.9152
6.9160
6.9155
6.9156
6.9154
6.9167
6.9172
6.9176
6.9174
6.9176
6.9171
6.9170
6.9173
6.9172
6.9170
6.9167
6.9169
6.9177
6.9176
6.9165
6.9172
6.9167
6.9174
6.9174
6.9178
6.9184
6.9188
6.9180
6.9186
6.9185
6.9185
6.9188
6.9188
6.9191
6.9190
6.9188
6.9185
6.9184
6.9184
6.9183
6.9182
6.9183
6.9187
6.9185
6.9188
6.9188
6.9192
6.9191
6.9189
6.9189
6.9188
6.9188
6.9187
6.9187
6.9190
6.9189
6.9190
6.9191
6.9195
6.9195
6.9192
6.9192
6.9187
6.9187
6.9187
6.9188
6.9186
6.9179
6.9177
6.9179
6.9181
6.9180
6.9180
6.9179
6.9174
6.9173
6.9173
6.9172
6.9174
6.9176
6.9174
6.9171
6.9172
6.9171
6.9169
6.9172
6.9175
6.9176
6.9176
6.9176
6.9174
6.9174
6.9175
6.9175
6.9177
6.9178
6.9181
6.9180
6.9180
6.9183
6.9184
6.9184
6.9186
6.9185
6.9185
6.9184
6.9185
6.9188
6.9186
6.9191
6.9191
6.9190
6.9189
6.9190
6.9190
6.9188
6.9190
6.9190
6.9192
6.9191
6.9190
6.9188
6.9187
6.9189
6.9189
6.9189
6.9190
6.9190
6.9191
6.9189
6.9189
6.9190
6.9192
6.9193
6.9190
6.9189
6.9191
6.9194
6.9194
6.9193
6.9194
6.9195
6.9194
6.9195
6.9194
6.9195
6.9195
6.9194
6.9196
6.9197
6.9196
6.9197
6.9197
6.9197
6.9197
6.9195
6.9197
6.9197
6.9198
6.9198
6.9196
6.9197
6.9198
6.9199
6.9198
6.9199
6.9199
6.9200
6.9198
6.9198
6.9197
6.9197
6.9198
