
6.9721
6.9537
6.9366
6.9331
6.9267
6.9307
6.9358
6.9476
6.9413
6.9380
6.9305
6.9312
6.9309
6.9327
6.9311
6.9317
6.9294
6.9311
6.9321
6.9325
6.9329
6.9338
6.9340
6.9341
6.9326
6.9315
6.9312
6.9310
6.9309
6.9306
6.9305
6.9300
6.9298
6.9297
6.9296
6.9284
6.9278
6.9271
6.9269
6.9266
6.9266
6.9278
6.9272
6.9279
6.9283
6.9287
6.9279
6.9267
6.9256
6.9248
6.9256
6.9258
6.9253
6.9260
6.9266
6.9273
6.9280
6.9283
6.9289
6.9294
6.9298
6.9299
6.9294
6.9300
6.9306
6.9312
6.9306
6.9303
6.9303
6.9302
6.9300
6.9303
6.9307
6.9302
6.9297
6.9301
6.9303
6.9304
6.9306
6.9306
6.9304
6.9307
6.9305
6.9303
6.9307
6.9304
6.9304
6.9307
6.9309
6.9304
6.9305
6.9301
6.9296
6.9304
6.9308
6.9306
6.9313
6.9314
6.9314
6.9314
6.9313
6.9317
6.9317
6.9316
6.9313
6.9313
6.9315
6.9318
6.9325
6.9325
6.9323
6.9331
6.9326
6.9329
6.9332
6.9334
6.9340
6.9338
6.9343
6.9347
6.9349
6.9348
6.9348
6.9349
6.9349
6.9350
6.9347
6.9344
6.9343
6.9342
6.9337
6.9334
6.9336
6.9335
6.9336
6.9338
6.9333
6.9333
6.9331
6.9330
6.9328
6.9328
6.9330
6.9334
6.9335
6.9336
6.9334
6.9334
6.9338
6.9339
6.9337
6.9337
6.9337
6.9339
6.9336
6.9337
6.9336
6.9336
6.9337
6.9334
6.9333
6.9338
6.9339
6.9334
6.9334
6.9336
6.9339
6.9340
6.9339
6.9340
6.9343
6.9340
6.9341
6.9343
6.9341
6.9340
6.9343
6.9343
6.9340
6.9340
6.9340
6.9339
6.9336
6.9335
6.9338
6.9338
6.9335
6.9338
6.9335
6.9334
6.9339
6.9339
6.9337
6.9334
6.9331
6.9331
6.9331
6.9329
6.9327
6.9325
