
6.8937
6.8956
6.9062
6.9216
6.9248
6.9199
6.9154
6.9191
6.9212
6.9212
6.9236
6.9216
6.9202
6.9220
6.9207
6.9194
6.9231
6.9229
6.9252
6.9259
6.9258
6.9248
6.9248
6.9250
6.9240
6.9245
6.9251
6.9253
6.9256
6.9258
6.9262
6.9255
6.9264
6.9273
6.9264
6.9258
6.9249
6.9255
7.0211
7.1776
7.2171
7.2104
7.2026
7.1970
7.1912
7.1849
7.1786
7.1736
7.1690
7.1636
7.1585
7.1543
7.1495
7.1459
7.1424
7.1382
7.1347
7.1307
7.1269
7.1235
7.1207
7.1176
7.1146
7.1115
7.1092
7.1064
7.1032
7.1000
7.0978
7.0950
7.0926
7.0905
7.0882
7.1098
7.1459
7.1502
7.1478
7.1451
7.1424
7.1397
7.1367
7.1341
7.1318
7.1296
7.1267
7.1244
7.1220
7.1197
7.1175
7.1152
7.1130
7.1117
7.1100
7.1078
7.1057
7.1043
7.1025
7.1007
7.1008
7.0997
7.0982
7.0968
7.0951
7.0938
7.0927
7.0911
7.0897
7.0881
7.0864
7.0850
7.0834
7.0821
7.0804
7.0791
7.0784
7.0774
7.0768
7.0754
7.0743
7.0734
7.0724
7.0710
7.0694
7.0683
7.0665
7.0653
7.0643
7.0630
7.0620
7.0617
7.0610
7.0603
7.0591
7.0580
7.0570
7.0560
7.0549
7.0539
7.0529
7.0520
7.0510
7.0501
7.0491
7.0482
7.0477
7.0467
7.0460
7.0450
7.0442
7.0433
7.0429
7.0417
7.0411
7.0404
7.0398
7.0391
7.0381
7.0376
7.0369
7.0363
7.0354
7.0344
7.0339
7.0332
7.0326
7.0322
7.0315
7.0311
7.0307
7.0302
7.0296
7.0293
7.0288
7.0282
7.0277
7.0270
7.0265
7.0258
7.0252
7.0247
7.0244
7.0241
7.0238
7.0232
7.0229
7.0224
7.0220
7.0215
7.0209
7.0203
7.0199
7.0196
7.0191
7.0190
7.0184
7.0180
7.0177
7.0171
7.0168
7.0164
