
6.9527
6.9479
6.9509
6.9356
6.9424
6.9407
6.9427
6.9426
6.9417
6.9400
6.9418
6.9406
6.9409
6.9411
6.9386
6.9369
6.9360
6.9344
6.9336
6.9312
6.9298
6.9290
6.9283
6.9282
6.9273
6.9268
6.9267
6.9265
6.9275
6.9261
6.9260
6.9255
6.9256
6.9250
6.9241
6.9240
6.9239
6.9233
6.9235
6.9240
6.9237
6.9238
6.9233
6.9230
6.9231
6.9231
6.9226
6.9221
6.9221
6.9215
6.9214
6.9211
6.9208
6.9207
6.9203
6.9201
6.9201
6.9199
6.9196
6.9196
6.9194
6.9192
6.9189
6.9186
6.9185
6.9180
6.9177
6.9177
6.9173
6.9171
6.9167
6.9165
6.9163
6.9160
6.9160
6.9159
6.9158
6.9161
6.9156
6.9162
6.9168
6.9168
6.9170
6.9168
6.9171
6.9171
6.9169
6.9168
6.9167
6.9167
6.9165
6.9166
6.9164
6.9164
6.9163
6.9163
6.9162
6.9161
6.9160
6.9158
6.9158
6.9157
6.9156
6.9155
6.9154
6.9153
6.9153
6.9151
6.9150
6.9150
6.9150
6.9150
6.9151
6.9150
6.9151
6.9150
6.9148
6.9148
6.9148
6.9147
6.9146
6.9144
6.9144
6.9144
6.9143
6.9142
6.9142
6.9142
6.9142
6.9142
6.9142
6.9142
6.9141
6.9141
6.9140
6.9140
6.9140
6.9139
6.9139
6.9139
6.9139
6.9139
6.9139
6.9139
6.9138
6.9136
6.9137
6.9135
6.9135
6.9136
6.9136
6.9135
6.9134
6.9133
6.9134
6.9133
6.9132
6.9132
6.9131
6.9130
6.9130
6.9130
6.9130
6.9130
6.9131
6.9130
6.9130
6.9130
6.9130
6.9129
6.9130
6.9130
6.9130
6.9130
6.9129
6.9129
6.9129
6.9128
6.9129
6.9129
6.9128
6.9129
6.9129
6.9129
6.9128
6.9128
6.9127
6.9127
6.9126
6.9126
6.9125
6.9125
6.9124
6.9123
6.9123
6.9122
6.9122
6.9123
6.9122
6.9121
