
6.9091
6.8924
6.9075
6.9101
6.9072
6.9152
6.9152
6.9179
6.9219
6.9258
6.9281
6.9264
6.9277
6.9265
6.9289
6.9283
6.9282
6.9269
6.9263
6.9244
6.9232
6.9221
6.9220
6.9220
6.9213
6.9222
6.9214
6.9211
6.9197
6.9212
6.9221
6.9216
6.9212
6.9215
6.9218
6.9219
6.9226
6.9225
6.9234
6.9243
6.9229
6.9228
6.9232
6.9233
6.9227
6.9235
6.9227
6.9225
6.9227
6.9221
6.9221
6.9222
6.9225
6.9221
6.9228
6.9221
6.9227
6.9225
6.9224
6.9222
6.9225
6.9227
6.9229
6.9225
6.9217
6.9217
6.9216
6.9221
6.9219
6.9217
6.9215
6.9217
6.9215
6.9212
6.9208
6.9208
6.9204
6.9201
6.9204
6.9202
6.9206
6.9209
6.9212
6.9210
6.9210
6.9210
6.9210
6.9210
6.9208
6.9211
6.9207
6.9207
6.9211
6.9209
6.9210
6.9213
6.9214
6.9214
6.9211
6.9210
6.9204
6.9206
6.9207
6.9207
6.9208
6.9208
6.9204
6.9208
6.9206
6.9206
6.9208
6.9207
6.9210
6.9211
6.9214
6.9216
6.9220
6.9216
6.9217
6.9219
6.9223
6.9225
6.9226
6.9228
6.9230
6.9230
6.9228
6.9231
6.9229
6.9231
6.9233
6.9233
6.9230
6.9229
6.9232
6.9231
6.9232
6.9225
6.9226
6.9226
6.9224
6.9221
6.9223
6.9222
6.9223
6.9221
6.9227
6.9226
6.9227
6.9227
6.9226
6.9230
6.9233
6.9232
6.9232
6.9231
6.9231
6.9230
6.9228
6.9230
6.9231
6.9228
6.9232
6.9236
6.9237
6.9237
6.9236
6.9237
6.9237
6.9236
6.9237
6.9238
6.9236
6.9236
6.9236
6.9237
6.9237
6.9234
6.9234
6.9234
6.9237
6.9238
6.9239
6.9237
6.9235
6.9237
6.9237
6.9237
6.9239
6.9239
6.9236
6.9235
6.9234
6.9237
6.9238
6.9237
6.9237
6.9236
6.9238
6.9237
