6.8950
6.9102
6.9265
6.9188
6.9170
6.9190
6.9184
6.9049
6.9057
6.9099
6.9112
6.9149
6.9128
6.9137
6.9157
6.9184
6.9199
6.9217
6.9182
6.9176
6.9193
6.9188
6.9166
6.9158
6.9169
6.9200
6.9204
6.9193
6.9185
6.9182
6.9206
6.9202
6.9222
6.9216
6.9207
6.9209
6.9209
6.9198
6.9188
6.9187
6.9183
6.9163
6.9159
6.9156
6.9153
6.9171
6.9181
6.9184
6.9189
6.9182
6.9187
6.9176
6.9183
6.9187
6.9184
6.9181
6.9182
6.9178
6.9181
6.9176
6.9177
6.9175
6.9177
6.9173
6.9171
6.9168
6.9166
6.9165
6.9165
6.9167
6.9167
6.9162
6.9165
6.9163
6.9164
6.9156
6.9160
6.9164
6.9166
6.9172
6.9168
6.9170
6.9165
6.9162
6.9160
6.9158
6.9159
6.9155
6.9158
6.9153
6.9153
6.9152
6.9152
6.9150
6.9145
6.9134
6.9136
6.9136
6.9133
6.9130
6.9132
6.9135
6.9140
6.9145
6.9142
6.9141
6.9138
6.9140
6.9140
6.9143
6.9144
6.9146
6.9144
6.9147
6.9147
6.9143
6.9144
6.9142
6.9142
6.9143
6.9142
6.9141
6.9143
6.9142
6.9142
6.9139
6.9136
6.9137
6.9137
6.9135
6.9136
6.9136
6.9136
6.9140
6.9140
6.9138
6.9136
6.9135
6.9135
6.9135
6.9135
6.9136
6.9137
6.9137
6.9137
6.9135
6.9134
6.9134
6.9133
6.9135
6.9134
6.9133
6.9135
6.9137
6.9134
6.9133
6.9130
6.9130
6.9130
6.9132
6.9131
6.9131
6.9129
6.9128
6.9131
6.9131
6.9131
6.9128
6.9129
6.9131
6.9130
6.9129
6.9131
6.9135
6.9136
6.9136
6.9135
6.9135
6.9136
6.9136
6.9136
6.9136
6.9135
6.9134
6.9134
6.9133
6.9133
6.9133
6.9132
6.9131
6.9130
6.9128
6.9129
6.9130
6.9131
6.9129
6.9128
6.9127
6.9129
6.9128
6.9604
6.9243
6.9073
6.9138
6.9084
6.9091
6.9100
6.9039
6.9042
6.9078
6.9081
6.9056
6.9020
6.9021
6.9055
6.9027
6.9034
6.9048
6.9049
6.9064
6.9072
6.9052
6.9059
6.9060
6.9060
6.9043
6.9058
6.9064
6.9066
6.9078
6.9098
6.9091
6.9099
6.9102
6.9103
6.9107
6.9114
6.9122
6.9122
6.9122
6.9121
6.9119
6.9119
6.9119
6.9118
6.9117
6.9116
6.9119
6.9117
6.9118
6.9122
6.9122
6.9123
6.9123
6.9121
6.9125
6.9125
6.9123
6.9123
6.9122
6.9122
6.9122
6.9121
6.9122
6.9121
6.9123
6.9124
6.9122
6.9124
6.9124
6.9126
6.9127
6.9128
6.9129
6.9129
6.9128
6.9129
6.9129
6.9129
6.9127
6.9126
6.9125
6.9125
6.9125
6.9124
6.9123
6.9124
6.9123
6.9122
6.9122
6.9120
6.9117
6.9117
6.9118
6.9119
6.9120
6.9119
6.9120
6.9120
6.9119
6.9120
6.9118
6.9119
6.9118
6.9118
6.9118
6.9117
6.9117
6.9117
6.9115
6.9117
6.9116
6.9117
6.9115
6.9116
6.9116
6.9116
6.9117
6.9116
6.9116
6.9115
6.9115
6.9114
6.9115
6.9115
6.9115
6.9115
6.9115
6.9115
6.9115
6.9113
6.9113
6.9115
6.9114
6.9113
6.9112
6.9112
6.9112
6.9113
6.9114
6.9113
6.9113
6.9113
6.9111
6.9111
6.9111
6.9110
6.9109
6.9109
6.9109
6.9109
6.9110
6.9110
6.9110
6.9108
6.9107
6.9107
6.9107
6.9108
6.9108
6.9108
6.9108
6.9108
6.9106
6.9105
6.9103
6.9104
6.9104
6.9105
6.9106
6.9105
6.9105
6.9107
6.9107
6.9107
6.9108
6.9109
6.9109
6.9108
6.9108
6.9108
6.9109
6.9109
6.9108
6.9108
6.9108
6.9108
6.9108
6.9108
6.9108
6.9107
6.9106
6.9105
6.9105
6.9105
6.9105
6.9104
6.9103
6.9102
6.9102
6.9003
6.8977
6.9075
6.9060
6.9045
6.9050
6.9067
6.9069
6.9111
6.9098
6.9095
6.9094
6.9093
6.9091
6.9089
6.9090
6.9092
6.9096
6.9083
6.9089
6.9082
6.9082
6.9093
6.9086
6.9089
6.9106
6.9106
6.9104
6.9099
6.9097
6.9100
6.9093
6.9088
6.9087
6.9086
6.9087
6.9091
6.9088
6.9086
6.9077
6.9083
6.9082
6.9086
6.9085
6.9086
6.9082
6.9078
6.9076
6.9076
6.9074
6.9078
6.9074
6.9069
6.9065
6.9066
6.9065
6.9068
6.9069
6.9069
6.9071
6.9076
6.9079
6.9082
6.9082
6.9079
6.9082
6.9081
6.9082
6.9077
6.9083
6.9083
6.9084
6.9087
6.9089
6.9089
6.9090
6.9090
6.9090
6.9087
6.9088
6.9088
6.9091
6.9091
6.9091
6.9090
6.9089
6.9090
6.9090
6.9091
6.9089
6.9089
6.9088
6.9086
6.9088
6.9089
6.9086
6.9087
6.9088
6.9085
6.9085
6.9084
6.9083
6.9083
6.9080
6.9079
6.9079
6.9079
6.9077
6.9080
6.9078
6.9078
6.9079
6.9080
6.9079
6.9078
6.9079
6.9078
6.9079
6.9080
6.9084
6.9083
6.9084
6.9084
6.9083
6.9084
6.9085
6.9086
6.9087
6.9087
6.9086
6.9084
6.9085
6.9084
6.9084
6.9083
6.9082
6.9083
6.9084
6.9082
6.9084
6.9083
6.9084
6.9084
6.9084
6.9085
6.9085
6.9085
6.9086
6.9087
6.9087
6.9087
6.9088
6.9089
6.9088
6.9088
6.9088
6.9087
6.9087
6.9086
6.9087
6.9085
6.9085
6.9084
6.9084
6.9084
6.9084
6.9084
6.9085
6.9085
6.9085
6.9086
6.9086
6.9087
6.9086
6.9086
6.9086
6.9086
6.9085
6.9085
6.9086
6.9086
6.9084
6.9085
6.9083
6.9083
6.9085
6.9083
6.9083
6.9083
6.9083
6.9082
6.9081
6.9081
6.9083
6.9082
6.9082
6.9081
6.9082
6.9082
6.9082
6.8741
6.8960
6.8984
6.9101
6.9097
6.9114
6.9110
6.9089
6.9097
6.9091
6.9104
6.9103
6.9099
6.9089
6.9089
6.9103
6.9111
6.9114
6.9102
6.9108
6.9099
6.9088
6.9080
6.9082
6.9088
6.9081
6.9089
6.9095
6.9094
6.9089
6.9089
6.9091
6.9092
6.9084
6.9087
6.9088
6.9091
6.9093
6.9092
6.9092
6.9092
6.9095
6.9094
6.9099
6.9098
6.9100
6.9099
6.9098
6.9099
6.9100
6.9101
6.9096
6.9097
6.9098
6.9097
6.9097
6.9096
6.9099
6.9100
6.9100
6.9099
6.9100
6.9100
6.9098
6.9096
6.9096
6.9096
6.9095
6.9095
6.9094
6.9094
6.9094
6.9091
6.9092
6.9093
6.9091
6.9091
6.9091
6.9088
6.9090
6.9090
6.9087
6.9087
6.9085
6.9086
6.9084
6.9085
6.9085
6.9087
6.9087
6.9084
6.9083
6.9081
6.9082
6.9082
6.9081
6.9081
6.9081
6.9082
6.9083
6.9084
6.9083
6.9085
6.9086
6.9086
6.9087
6.9088
6.9087
6.9087
6.9086
6.9085
6.9085
6.9085
6.9086
6.9086
6.9084
6.9084
6.9083
6.9083
6.9083
6.9082
6.9084
6.9084
6.9085
6.9085
6.9085
6.9084
6.9083
6.9082
6.9080
6.9078
6.9077
6.9077
6.9077
6.9076
6.9075
6.9074
6.9075
6.9073
6.9074
6.9073
6.9077
6.9078
6.9079
6.9079
6.9079
6.9081
6.9080
6.9080
6.9079
6.9078
6.9080
6.9080
6.9079
6.9078
6.9078
6.9078
6.9078
6.9078
6.9079
6.9078
6.9078
6.9078
6.9076
6.9078
6.9079
6.9080
6.9081
6.9080
6.9081
6.9080
6.9079
6.9080
6.9079
6.9080
6.9081
6.9081
6.9081
6.9079
6.9079
6.9080
6.9079
6.9078
6.9077
6.9078
6.9078
6.9075
6.9075
6.9074
6.9074
6.9074
6.9074
6.9073
6.9073
6.9073
6.9072
6.9072
6.9071
6.9071
6.9070
6.8778
6.8949
6.9029
6.9086
6.9101
6.9078
6.9054
6.9085
6.9119
6.9111
6.9096
6.9092
6.9099
6.9121
6.9114
6.9130
6.9121
6.9125
6.9117
6.9105
6.9114
6.9116
6.9108
6.9094
6.9100
6.9088
6.9084
6.9084
6.9087
6.9094
6.9089
6.9087
6.9086
6.9091
6.9092
6.9089
6.9091
6.9092
6.9093
6.9098
6.9093
6.9091
6.9093
6.9098
6.9094
6.9093
6.9093
6.9091
6.9087
6.9088
6.9087
6.9088
6.9086
6.9086
6.9083
6.9084
6.9082
6.9081
6.9078
6.9080
6.9084
6.9081
6.9078
6.9075
6.9074
6.9073
6.9067
6.9066
6.9067
6.9063
6.9067
6.9067
6.9058
6.9060
6.9047
6.9057
6.9057
6.9050
6.9053
6.9049
6.9053
6.9055
6.9054
6.9056
6.9059
6.9063
6.9068
6.9066
6.9067
6.9067
6.9063
6.9061
6.9060
6.9056
6.9057
6.9061
6.9063
6.9059
6.9060
6.9061
6.9061
6.9062
6.9067
6.9069
6.9070
6.9069
6.9071
6.9071
6.9070
6.9071
6.9069
6.9071
6.9069
6.9070
6.9072
6.9071
6.9071
6.9072
6.9072
6.9071
6.9069
6.9069
6.9068
6.9067
6.9066
6.9068
6.9069
6.9068
6.9068
6.9067
6.9067
6.9065
6.9062
6.9063
6.9067
6.9067
6.9067
6.9067
6.9067
6.9067
6.9066
6.9066
6.9066
6.9064
6.9063
6.9063
6.9066
6.9067
6.9066
6.9067
6.9065
6.9066
6.9067
6.9065
6.9066
6.9065
6.9063
6.9063
6.9063
6.9060
6.9058
6.9061
6.9062
6.9062
6.9061
6.9063
6.9062
6.9062
6.9062
6.9061
6.9061
6.9060
6.9062
6.9063
6.9065
6.9065
6.9065
6.9065
6.9065
6.9064
6.9064
6.9063
6.9062
6.9063
6.9065
6.9064
6.9063
6.9062
6.9061
6.9061
6.9061
6.9062
6.9061
6.9060
6.9061
6.9060
6.9058
6.9061
6.9063
6.9062
6.8738
6.8988
6.9043
6.9055
6.9017
6.9008
6.9032
6.9044
6.9077
6.9050
6.9048
6.9039
6.9009
6.9050
6.9029
6.9032
6.9023
6.9045
6.9053
6.9068
6.9066
6.9059
6.9049
6.9054
6.9062
6.9064
6.9074
6.9079
6.9069
6.9069
6.9075
6.9071
6.9073
6.9071
6.9072
6.9069
6.9069
6.9065
6.9069
6.9067
6.9063
6.9065
6.9061
6.9058
6.9062
6.9059
6.9059
6.9057
6.9052
6.9043
6.9037
6.9027
6.9026
6.9041
6.9032
6.9026
6.9030
6.9037
6.9040
6.9046
6.9037
6.9039
6.9039
6.9038
6.9035
6.9031
6.9030
6.9032
6.9031
6.9043
6.9042
6.9043
6.9047
6.9047
6.9042
6.9047
6.9053
6.9052
6.9054
6.9053
6.9055
6.9053
6.9059
6.9063
6.9064
6.9062
6.9063
6.9062
6.9064
6.9065
6.9065
6.9067
6.9068
6.9069
6.9069
6.9065
6.9062
6.9063
6.9062
6.9062
6.9063
6.9063
6.9063
6.9056
6.9052
6.9050
6.9050
6.9052
6.9055
6.9055
6.9056
6.9057
6.9060
6.9060
6.9062
6.9061
6.9060
6.9060
6.9059
6.9058
6.9058
6.9059
6.9058
6.9057
6.9061
6.9062
6.9065
6.9065
6.9063
6.9060
6.9059
6.9055
6.9057
6.9056
6.9058
6.9058
6.9059
6.9060
6.9061
6.9061
6.9061
6.9061
6.9061
6.9062
6.9061
6.9062
6.9062
6.9062
6.9062
6.9062
6.9062
6.9061
6.9063
6.9063
6.9063
6.9064
6.9065
6.9063
6.9064
6.9065
6.9064
6.9064
6.9065
6.9064
6.9062
6.9062
6.9062
6.9063
6.9061
6.9062
6.9063
6.9064
6.9066
6.9066
6.9066
6.9067
6.9067
6.9066
6.9067
6.9068
6.9069
6.9069
6.9069
6.9070
6.9069
6.9069
6.9069
6.9069
6.9069
6.9070
6.9070
6.9069
6.9068
6.9068
6.9069
6.9069
6.9067
6.9068
6.9067
6.9067
6.9086
6.9015
6.9051
6.9018
6.8991
6.8979
6.9005
6.9017
6.8917
6.8933
6.8931
6.8912
6.8958
6.8952
6.8980
6.8962
6.8946
6.8911
6.8932
6.8928
6.8925
6.8906
6.8921
6.8925
6.8943
6.8962
6.8972
6.8978
6.8970
6.8977
6.8984
6.8979
6.8983
6.8985
6.8986
6.8995
6.8994
6.8990
6.8983
6.8971
6.8972
6.8985
6.8978
6.8958
6.8969
6.8978
6.8965
6.8957
6.8948
6.8931
6.8918
6.8935
6.8926
6.8950
6.8943
6.8951
6.8922
6.8932
6.8927
6.8935
6.8936
6.8924
6.8917
6.8922
6.8917
6.8924
6.8924
6.8925
6.8934
6.8924
6.8922
6.8911
6.8914
6.8906
6.8912
6.8915
6.8918
6.8923
6.8931
6.8928
6.8920
6.8923
6.8917
6.8910
6.8906
6.8909
6.8902
6.8913
6.8912
6.8909
6.8919
6.8922
6.8918
6.8919
6.8921
6.8938
6.8937
6.8939
6.8926
6.8926
6.8924
6.8928
6.8932
6.8922
6.8923
6.8923
6.8921
6.8928
6.8938
6.8941
6.8941
6.8940
6.8940
6.8938
6.8940
6.8941
6.8941
6.8935
6.8932
6.8929
6.8931
6.8935
6.8945
6.8943
6.8935
6.8940
6.8945
6.8953
6.8953
6.8954
6.8957
6.8955
6.8958
6.8959
6.8960
6.8961
6.8960
6.8961
6.8961
6.8962
6.8961
6.8962
6.8961
6.8963
6.8960
6.8960
6.8952
6.8946
6.8945
6.8952
6.8951
6.8951
6.8951
6.8952
6.8949
6.8943
6.8942
6.8938
6.8938
6.8937
6.8935
6.8941
6.8935
6.8938
6.8939
6.8932
6.8938
6.8939
6.8937
6.8939
6.8940
6.8937
6.8932
6.8926
6.8925
6.8931
6.8930
6.8930
6.8931
6.8933
6.8932
6.8935
6.8933
6.8939
6.8939
6.8940
6.8938
6.8941
6.8941
6.8940
6.8942
6.8940
6.8941
6.8942
6.8946
6.8946
6.8944
6.8941
6.8942
6.8941
6.9234
6.9566
6.9427
6.9356
6.9320
6.9273
6.9233
6.9204
6.9166
6.9123
6.9049
6.9069
6.9057
6.9139
6.9139
6.9140
6.9116
6.9094
6.9086
6.9067
6.9050
6.9051
6.9029
6.9021
6.9057
6.9055
6.9012
6.8981
6.8983
6.8975
6.8943
6.8920
6.8924
6.8948
6.8963
6.8953
6.8953
6.8954
6.8942
6.8940
6.8931
6.8950
6.8946
6.8950
6.8951
6.8967
6.8968
6.8968
6.8971
6.8974
6.8975
6.8970
6.8965
6.8968
6.8965
6.8967
6.8966
6.8960
6.8959
6.8954
6.8955
6.8957
6.8963
6.8963
6.8963
6.8963
6.8964
6.8956
6.8954
6.8965
6.8972
6.8955
6.8961
6.8960
6.8959
6.8953
6.8969
6.8959
6.8962
6.8954
6.8937
6.8939
6.8946
6.8947
6.8948
6.8940
6.8930
6.8943
6.8945
6.8946
6.8946
6.8950
6.8940
6.8941
6.8940
6.8931
6.8944
6.8943
6.8944
6.8944
6.8949
6.8944
6.8950
6.8946
6.8946
6.8950
6.8948
6.8952
6.8945
6.8940
6.8935
6.8935
6.8933
6.8934
6.8931
6.8924
6.8923
6.8925
6.8918
6.8925
6.8921
6.8916
6.8912
6.8907
6.8891
6.8888
6.8891
6.8888
6.8884
6.8878
6.8878
6.8854
6.8858
6.8856
6.8858
6.8862
6.8867
6.8862
6.8864
6.8864
6.8861
6.8857
6.8859
6.8842
6.8840
6.8841
6.8841
6.8831
6.8830
6.8835
6.8837
6.8840
6.8835
6.8831
6.8828
6.8821
6.8830
6.8827
6.8834
6.8833
6.8837
6.8839
6.8842
6.8843
6.8844
6.8849
6.8851
6.8849
6.8852
6.8850
6.8849
6.8842
6.8841
6.8845
6.8846
6.8844
6.8843
6.8839
6.8824
6.8831
6.8829
6.8832
6.8836
6.8836
6.8834
6.8834
6.8836
6.8856
6.8855
6.8853
6.8855
6.8857
6.8855
6.8857
6.8859
6.8861
6.8863
6.8862
6.8858
6.8859
6.8862
6.8900
6.8989
6.8707
6.8688
6.8611
6.8762
6.9045
6.8846
6.8886
6.8894
6.8950
6.8964
6.8978
6.8923
6.8928
6.8945
6.8929
6.8931
6.8941
6.8936
6.8944
6.8939
6.8940
6.8912
6.8902
6.8897
6.8910
6.8910
6.8911
6.8889
6.8885
6.8884
6.8913
6.8903
6.8887
6.8844
6.8839
6.8844
6.8834
6.8829
6.8843
6.8835
6.8833
6.8830
6.8834
6.8844
6.8845
6.8853
6.8846
6.8862
6.8867
6.8879
6.8877
6.8873
6.8874
6.8850
6.8838
6.8823
6.8821
6.8819
6.8827
6.8834
6.8833
6.8801
6.8785
6.8782
6.8791
6.8802
6.8816
6.8803
6.8812
6.8818
6.8821
6.8822
6.8825
6.8828
6.8838
6.8839
6.8841
6.8839
6.8840
6.8842
6.8843
6.8836
6.8834
6.8830
6.8834
6.8844
6.8850
6.8852
6.8855
6.8856
6.8860
6.8864
6.8864
6.8869
6.8873
6.8872
6.8872
6.8869
6.8869
6.8872
6.8873
6.8867
6.8860
6.8864
6.8852
6.8845
6.8865
6.8854
6.8867
6.8870
6.8869
6.8866
6.8871
6.8864
6.8870
6.8872
6.8877
6.8879
6.8877
6.8878
6.8875
6.8877
6.8874
6.8878
6.8878
6.8873
6.8869
6.8872
6.8875
6.8874
6.8876
6.8876
6.8870
6.8864
6.8866
6.8864
6.8865
6.8868
6.8873
6.8873
6.8875
6.8872
6.8869
6.8871
6.8875
6.8875
6.8876
6.8868
6.8867
6.8869
6.8870
6.8872
6.8867
6.8870
6.8866
6.8865
6.8861
6.8868
6.8859
6.8863
6.8864
6.8864
6.8865
6.8867
6.8869
6.8868
6.8869
6.8871
6.8868
6.8865
6.8859
6.8847
6.8829
6.8830
6.8819
6.8831
6.8833
6.8838
6.8827
6.8823
6.8826
6.8822
6.8823
6.8820
6.8820
6.8821
6.8822
6.8822
6.8816
6.8816
6.8814
6.8816
6.8820
6.8820
6.8820
6.8821
6.8819
6.9087
6.8623
6.8000
6.8124
6.8288
6.8427
6.8409
6.8557
6.8630
6.8625
6.8699
6.8730
6.8691
6.8561
6.8505
6.8506
6.8439
6.8517
6.8516
6.8552
6.8576
6.8588
6.8605
6.8567
6.8593
6.8626
6.8603
6.8576
6.8595
6.8616
6.8611
6.8641
6.8647
6.8683
6.8684
6.8687
6.8712
6.8722
6.8740
6.8742
6.8744
6.8750
6.8756
6.8767
6.8749
6.8758
6.8782
6.8762
6.8768
6.8756
6.8755
6.8768
6.8783
6.8791
6.8801
6.8799
6.8804
6.8808
6.8813
6.8819
6.8817
6.8821
6.8824
6.8833
6.8835
6.8829
6.8830
6.8829
6.8808
6.8802
6.8806
6.8772
6.8766
6.8769
6.8749
6.8748
6.8744
6.8759
6.8776
6.8772
6.8768
6.8752
6.8755
6.8761
6.8761
6.8750
6.8764
6.8749
6.8761
6.8773
6.8767
6.8769
6.8777
6.8779
6.8784
6.8787
6.8793
6.8793
6.8792
6.8791
6.8783
6.8776
6.8784
6.8771
6.8775
6.8773
6.8775
6.8779
6.8782
6.8777
6.8782
6.8780
6.8781
6.8776
6.8782
6.8781
6.8780
6.8780
6.8770
6.8774
6.8777
6.8776
6.8779
6.8773
6.8767
6.8768
6.8771
6.8766
6.8766
6.8767
6.8768
6.8765
6.8768
6.8772
6.8774
6.8773
6.8777
6.8779
6.8781
6.8782
6.8781
6.8783
6.8781
6.8775
6.8777
6.8778
6.8766
6.8762
6.8763
6.8762
6.8762
6.8769
6.8765
6.8763
6.8762
6.8762
6.8746
6.8749
6.8750
6.8751
6.8749
6.8740
6.8745
6.8749
6.8754
6.8752
6.8752
6.8751
6.8746
6.8744
6.8753
6.8750
6.8748
6.8755
6.8755
6.8754
6.8744
6.8749
6.8746
6.8739
6.8739
6.8742
6.8745
6.8744
6.8742
6.8733
6.8732
6.8729
6.8728
6.8742
6.8743
6.8741
6.8746
6.8748
6.8743
6.8746
6.8745
6.8747
6.8744
6.8744
