
6.8741
6.8960
6.8984
6.9101
6.9097
6.9114
6.9110
6.9089
6.9097
6.9091
6.9104
6.9103
6.9099
6.9089
6.9089
6.9103
6.9111
6.9114
6.9102
6.9108
6.9099
6.9088
6.9080
6.9082
6.9088
6.9081
6.9089
6.9095
6.9094
6.9089
6.9089
6.9091
6.9092
6.9084
6.9087
6.9088
6.9091
6.9093
6.9092
6.9092
6.9092
6.9095
6.9094
6.9099
6.9098
6.9100
6.9099
6.9098
6.9099
6.9100
6.9101
6.9096
6.9097
6.9098
6.9097
6.9097
6.9096
6.9099
6.9100
6.9100
6.9099
6.9100
6.9100
6.9098
6.9096
6.9096
6.9096
6.9095
6.9095
6.9094
6.9094
6.9094
6.9091
6.9092
6.9093
6.9091
6.9091
6.9091
6.9088
6.9090
6.9090
6.9087
6.9087
6.9085
6.9086
6.9084
6.9085
6.9085
6.9087
6.9087
6.9084
6.9083
6.9081
6.9082
6.9082
6.9081
6.9081
6.9081
6.9082
6.9083
6.9084
6.9083
6.9085
6.9086
6.9086
6.9087
6.9088
6.9087
6.9087
6.9086
6.9085
6.9085
6.9085
6.9086
6.9086
6.9084
6.9084
6.9083
6.9083
6.9083
6.9082
6.9084
6.9084
6.9085
6.9085
6.9085
6.9084
6.9083
6.9082
6.9080
6.9078
6.9077
6.9077
6.9077
6.9076
6.9075
6.9074
6.9075
6.9073
6.9074
6.9073
6.9077
6.9078
6.9079
6.9079
6.9079
6.9081
6.9080
6.9080
6.9079
6.9078
6.9080
6.9080
6.9079
6.9078
6.9078
6.9078
6.9078
6.9078
6.9079
6.9078
6.9078
6.9078
6.9076
6.9078
6.9079
6.9080
6.9081
6.9080
6.9081
6.9080
6.9079
6.9080
6.9079
6.9080
6.9081
6.9081
6.9081
6.9079
6.9079
6.9080
6.9079
6.9078
6.9077
6.9078
6.9078
6.9075
6.9075
6.9074
6.9074
6.9074
6.9074
6.9073
6.9073
6.9073
6.9072
6.9072
6.9071
6.9071
6.9070
