
6.9003
6.8977
6.9075
6.9060
6.9045
6.9050
6.9067
6.9069
6.9111
6.9098
6.9095
6.9094
6.9093
6.9091
6.9089
6.9090
6.9092
6.9096
6.9083
6.9089
6.9082
6.9082
6.9093
6.9086
6.9089
6.9106
6.9106
6.9104
6.9099
6.9097
6.9100
6.9093
6.9088
6.9087
6.9086
6.9087
6.9091
6.9088
6.9086
6.9077
6.9083
6.9082
6.9086
6.9085
6.9086
6.9082
6.9078
6.9076
6.9076
6.9074
6.9078
6.9074
6.9069
6.9065
6.9066
6.9065
6.9068
6.9069
6.9069
6.9071
6.9076
6.9079
6.9082
6.9082
6.9079
6.9082
6.9081
6.9082
6.9077
6.9083
6.9083
6.9084
6.9087
6.9089
6.9089
6.9090
6.9090
6.9090
6.9087
6.9088
6.9088
6.9091
6.9091
6.9091
6.9090
6.9089
6.9090
6.9090
6.9091
6.9089
6.9089
6.9088
6.9086
6.9088
6.9089
6.9086
6.9087
6.9088
6.9085
6.9085
6.9084
6.9083
6.9083
6.9080
6.9079
6.9079
6.9079
6.9077
6.9080
6.9078
6.9078
6.9079
6.9080
6.9079
6.9078
6.9079
6.9078
6.9079
6.9080
6.9084
6.9083
6.9084
6.9084
6.9083
6.9084
6.9085
6.9086
6.9087
6.9087
6.9086
6.9084
6.9085
6.9084
6.9084
6.9083
6.9082
6.9083
6.9084
6.9082
6.9084
6.9083
6.9084
6.9084
6.9084
6.9085
6.9085
6.9085
6.9086
6.9087
6.9087
6.9087
6.9088
6.9089
6.9088
6.9088
6.9088
6.9087
6.9087
6.9086
6.9087
6.9085
6.9085
6.9084
6.9084
6.9084
6.9084
6.9084
6.9085
6.9085
6.9085
6.9086
6.9086
6.9087
6.9086
6.9086
6.9086
6.9086
6.9085
6.9085
6.9086
6.9086
6.9084
6.9085
6.9083
6.9083
6.9085
6.9083
6.9083
6.9083
6.9083
6.9082
6.9081
6.9081
6.9083
6.9082
6.9082
6.9081
6.9082
6.9082
6.9082
