
6.8778
6.8949
6.9029
6.9086
6.9101
6.9078
6.9054
6.9085
6.9119
6.9111
6.9096
6.9092
6.9099
6.9121
6.9114
6.9130
6.9121
6.9125
6.9117
6.9105
6.9114
6.9116
6.9108
6.9094
6.9100
6.9088
6.9084
6.9084
6.9087
6.9094
6.9089
6.9087
6.9086
6.9091
6.9092
6.9089
6.9091
6.9092
6.9093
6.9098
6.9093
6.9091
6.9093
6.9098
6.9094
6.9093
6.9093
6.9091
6.9087
6.9088
6.9087
6.9088
6.9086
6.9086
6.9083
6.9084
6.9082
6.9081
6.9078
6.9080
6.9084
6.9081
6.9078
6.9075
6.9074
6.9073
6.9067
6.9066
6.9067
6.9063
6.9067
6.9067
6.9058
6.9060
6.9047
6.9057
6.9057
6.9050
6.9053
6.9049
6.9053
6.9055
6.9054
6.9056
6.9059
6.9063
6.9068
6.9066
6.9067
6.9067
6.9063
6.9061
6.9060
6.9056
6.9057
6.9061
6.9063
6.9059
6.9060
6.9061
6.9061
6.9062
6.9067
6.9069
6.9070
6.9069
6.9071
6.9071
6.9070
6.9071
6.9069
6.9071
6.9069
6.9070
6.9072
6.9071
6.9071
6.9072
6.9072
6.9071
6.9069
6.9069
6.9068
6.9067
6.9066
6.9068
6.9069
6.9068
6.9068
6.9067
6.9067
6.9065
6.9062
6.9063
6.9067
6.9067
6.9067
6.9067
6.9067
6.9067
6.9066
6.9066
6.9066
6.9064
6.9063
6.9063
6.9066
6.9067
6.9066
6.9067
6.9065
6.9066
6.9067
6.9065
6.9066
6.9065
6.9063
6.9063
6.9063
6.9060
6.9058
6.9061
6.9062
6.9062
6.9061
6.9063
6.9062
6.9062
6.9062
6.9061
6.9061
6.9060
6.9062
6.9063
6.9065
6.9065
6.9065
6.9065
6.9065
6.9064
6.9064
6.9063
6.9062
6.9063
6.9065
6.9064
6.9063
6.9062
6.9061
6.9061
6.9061
6.9062
6.9061
6.9060
6.9061
6.9060
6.9058
6.9061
6.9063
6.9062
