
6.8950
6.9102
6.9265
6.9188
6.9170
6.9190
6.9184
6.9049
6.9057
6.9099
6.9112
6.9149
6.9128
6.9137
6.9157
6.9184
6.9199
6.9217
6.9182
6.9176
6.9193
6.9188
6.9166
6.9158
6.9169
6.9200
6.9204
6.9193
6.9185
6.9182
6.9206
6.9202
6.9222
6.9216
6.9207
6.9209
6.9209
6.9198
6.9188
6.9187
6.9183
6.9163
6.9159
6.9156
6.9153
6.9171
6.9181
6.9184
6.9189
6.9182
6.9187
6.9176
6.9183
6.9187
6.9184
6.9181
6.9182
6.9178
6.9181
6.9176
6.9177
6.9175
6.9177
6.9173
6.9171
6.9168
6.9166
6.9165
6.9165
6.9167
6.9167
6.9162
6.9165
6.9163
6.9164
6.9156
6.9160
6.9164
6.9166
6.9172
6.9168
6.9170
6.9165
6.9162
6.9160
6.9158
6.9159
6.9155
6.9158
6.9153
6.9153
6.9152
6.9152
6.9150
6.9145
6.9134
6.9136
6.9136
6.9133
6.9130
6.9132
6.9135
6.9140
6.9145
6.9142
6.9141
6.9138
6.9140
6.9140
6.9143
6.9144
6.9146
6.9144
6.9147
6.9147
6.9143
6.9144
6.9142
6.9142
6.9143
6.9142
6.9141
6.9143
6.9142
6.9142
6.9139
6.9136
6.9137
6.9137
6.9135
6.9136
6.9136
6.9136
6.9140
6.9140
6.9138
6.9136
6.9135
6.9135
6.9135
6.9135
6.9136
6.9137
6.9137
6.9137
6.9135
6.9134
6.9134
6.9133
6.9135
6.9134
6.9133
6.9135
6.9137
6.9134
6.9133
6.9130
6.9130
6.9130
6.9132
6.9131
6.9131
6.9129
6.9128
6.9131
6.9131
6.9131
6.9128
6.9129
6.9131
6.9130
6.9129
6.9131
6.9135
6.9136
6.9136
6.9135
6.9135
6.9136
6.9136
6.9136
6.9136
6.9135
6.9134
6.9134
6.9133
6.9133
6.9133
6.9132
6.9131
6.9130
6.9128
6.9129
6.9130
6.9131
6.9129
6.9128
6.9127
6.9129
6.9128
