
6.9087
6.8623
6.8000
6.8124
6.8288
6.8427
6.8409
6.8557
6.8630
6.8625
6.8699
6.8730
6.8691
6.8561
6.8505
6.8506
6.8439
6.8517
6.8516
6.8552
6.8576
6.8588
6.8605
6.8567
6.8593
6.8626
6.8603
6.8576
6.8595
6.8616
6.8611
6.8641
6.8647
6.8683
6.8684
6.8687
6.8712
6.8722
6.8740
6.8742
6.8744
6.8750
6.8756
6.8767
6.8749
6.8758
6.8782
6.8762
6.8768
6.8756
6.8755
6.8768
6.8783
6.8791
6.8801
6.8799
6.8804
6.8808
6.8813
6.8819
6.8817
6.8821
6.8824
6.8833
6.8835
6.8829
6.8830
6.8829
6.8808
6.8802
6.8806
6.8772
6.8766
6.8769
6.8749
6.8748
6.8744
6.8759
6.8776
6.8772
6.8768
6.8752
6.8755
6.8761
6.8761
6.8750
6.8764
6.8749
6.8761
6.8773
6.8767
6.8769
6.8777
6.8779
6.8784
6.8787
6.8793
6.8793
6.8792
6.8791
6.8783
6.8776
6.8784
6.8771
6.8775
6.8773
6.8775
6.8779
6.8782
6.8777
6.8782
6.8780
6.8781
6.8776
6.8782
6.8781
6.8780
6.8780
6.8770
6.8774
6.8777
6.8776
6.8779
6.8773
6.8767
6.8768
6.8771
6.8766
6.8766
6.8767
6.8768
6.8765
6.8768
6.8772
6.8774
6.8773
6.8777
6.8779
6.8781
6.8782
6.8781
6.8783
6.8781
6.8775
6.8777
6.8778
6.8766
6.8762
6.8763
6.8762
6.8762
6.8769
6.8765
6.8763
6.8762
6.8762
6.8746
6.8749
6.8750
6.8751
6.8749
6.8740
6.8745
6.8749
6.8754
6.8752
6.8752
6.8751
6.8746
6.8744
6.8753
6.8750
6.8748
6.8755
6.8755
6.8754
6.8744
6.8749
6.8746
6.8739
6.8739
6.8742
6.8745
6.8744
6.8742
6.8733
6.8732
6.8729
6.8728
6.8742
6.8743
6.8741
6.8746
6.8748
6.8743
6.8746
6.8745
6.8747
6.8744
6.8744
