
6.9234
6.9566
6.9427
6.9356
6.9320
6.9273
6.9233
6.9204
6.9166
6.9123
6.9049
6.9069
6.9057
6.9139
6.9139
6.9140
6.9116
6.9094
6.9086
6.9067
6.9050
6.9051
6.9029
6.9021
6.9057
6.9055
6.9012
6.8981
6.8983
6.8975
6.8943
6.8920
6.8924
6.8948
6.8963
6.8953
6.8953
6.8954
6.8942
6.8940
6.8931
6.8950
6.8946
6.8950
6.8951
6.8967
6.8968
6.8968
6.8971
6.8974
6.8975
6.8970
6.8965
6.8968
6.8965
6.8967
6.8966
6.8960
6.8959
6.8954
6.8955
6.8957
6.8963
6.8963
6.8963
6.8963
6.8964
6.8956
6.8954
6.8965
6.8972
6.8955
6.8961
6.8960
6.8959
6.8953
6.8969
6.8959
6.8962
6.8954
6.8937
6.8939
6.8946
6.8947
6.8948
6.8940
6.8930
6.8943
6.8945
6.8946
6.8946
6.8950
6.8940
6.8941
6.8940
6.8931
6.8944
6.8943
6.8944
6.8944
6.8949
6.8944
6.8950
6.8946
6.8946
6.8950
6.8948
6.8952
6.8945
6.8940
6.8935
6.8935
6.8933
6.8934
6.8931
6.8924
6.8923
6.8925
6.8918
6.8925
6.8921
6.8916
6.8912
6.8907
6.8891
6.8888
6.8891
6.8888
6.8884
6.8878
6.8878
6.8854
6.8858
6.8856
6.8858
6.8862
6.8867
6.8862
6.8864
6.8864
6.8861
6.8857
6.8859
6.8842
6.8840
6.8841
6.8841
6.8831
6.8830
6.8835
6.8837
6.8840
6.8835
6.8831
6.8828
6.8821
6.8830
6.8827
6.8834
6.8833
6.8837
6.8839
6.8842
6.8843
6.8844
6.8849
6.8851
6.8849
6.8852
6.8850
6.8849
6.8842
6.8841
6.8845
6.8846
6.8844
6.8843
6.8839
6.8824
6.8831
6.8829
6.8832
6.8836
6.8836
6.8834
6.8834
6.8836
6.8856
6.8855
6.8853
6.8855
6.8857
6.8855
6.8857
6.8859
6.8861
6.8863
6.8862
6.8858
6.8859
