
6.9086
6.9015
6.9051
6.9018
6.8991
6.8979
6.9005
6.9017
6.8917
6.8933
6.8931
6.8912
6.8958
6.8952
6.8980
6.8962
6.8946
6.8911
6.8932
6.8928
6.8925
6.8906
6.8921
6.8925
6.8943
6.8962
6.8972
6.8978
6.8970
6.8977
6.8984
6.8979
6.8983
6.8985
6.8986
6.8995
6.8994
6.8990
6.8983
6.8971
6.8972
6.8985
6.8978
6.8958
6.8969
6.8978
6.8965
6.8957
6.8948
6.8931
6.8918
6.8935
6.8926
6.8950
6.8943
6.8951
6.8922
6.8932
6.8927
6.8935
6.8936
6.8924
6.8917
6.8922
6.8917
6.8924
6.8924
6.8925
6.8934
6.8924
6.8922
6.8911
6.8914
6.8906
6.8912
6.8915
6.8918
6.8923
6.8931
6.8928
6.8920
6.8923
6.8917
6.8910
6.8906
6.8909
6.8902
6.8913
6.8912
6.8909
6.8919
6.8922
6.8918
6.8919
6.8921
6.8938
6.8937
6.8939
6.8926
6.8926
6.8924
6.8928
6.8932
6.8922
6.8923
6.8923
6.8921
6.8928
6.8938
6.8941
6.8941
6.8940
6.8940
6.8938
6.8940
6.8941
6.8941
6.8935
6.8932
6.8929
6.8931
6.8935
6.8945
6.8943
6.8935
6.8940
6.8945
6.8953
6.8953
6.8954
6.8957
6.8955
6.8958
6.8959
6.8960
6.8961
6.8960
6.8961
6.8961
6.8962
6.8961
6.8962
6.8961
6.8963
6.8960
6.8960
6.8952
6.8946
6.8945
6.8952
6.8951
6.8951
6.8951
6.8952
6.8949
6.8943
6.8942
6.8938
6.8938
6.8937
6.8935
6.8941
6.8935
6.8938
6.8939
6.8932
6.8938
6.8939
6.8937
6.8939
6.8940
6.8937
6.8932
6.8926
6.8925
6.8931
6.8930
6.8930
6.8931
6.8933
6.8932
6.8935
6.8933
6.8939
6.8939
6.8940
6.8938
6.8941
6.8941
6.8940
6.8942
6.8940
6.8941
6.8942
6.8946
6.8946
6.8944
6.8941
6.8942
6.8941
