
6.8862
6.8900
6.8989
6.8707
6.8688
6.8611
6.8762
6.9045
6.8846
6.8886
6.8894
6.8950
6.8964
6.8978
6.8923
6.8928
6.8945
6.8929
6.8931
6.8941
6.8936
6.8944
6.8939
6.8940
6.8912
6.8902
6.8897
6.8910
6.8910
6.8911
6.8889
6.8885
6.8884
6.8913
6.8903
6.8887
6.8844
6.8839
6.8844
6.8834
6.8829
6.8843
6.8835
6.8833
6.8830
6.8834
6.8844
6.8845
6.8853
6.8846
6.8862
6.8867
6.8879
6.8877
6.8873
6.8874
6.8850
6.8838
6.8823
6.8821
6.8819
6.8827
6.8834
6.8833
6.8801
6.8785
6.8782
6.8791
6.8802
6.8816
6.8803
6.8812
6.8818
6.8821
6.8822
6.8825
6.8828
6.8838
6.8839
6.8841
6.8839
6.8840
6.8842
6.8843
6.8836
6.8834
6.8830
6.8834
6.8844
6.8850
6.8852
6.8855
6.8856
6.8860
6.8864
6.8864
6.8869
6.8873
6.8872
6.8872
6.8869
6.8869
6.8872
6.8873
6.8867
6.8860
6.8864
6.8852
6.8845
6.8865
6.8854
6.8867
6.8870
6.8869
6.8866
6.8871
6.8864
6.8870
6.8872
6.8877
6.8879
6.8877
6.8878
6.8875
6.8877
6.8874
6.8878
6.8878
6.8873
6.8869
6.8872
6.8875
6.8874
6.8876
6.8876
6.8870
6.8864
6.8866
6.8864
6.8865
6.8868
6.8873
6.8873
6.8875
6.8872
6.8869
6.8871
6.8875
6.8875
6.8876
6.8868
6.8867
6.8869
6.8870
6.8872
6.8867
6.8870
6.8866
6.8865
6.8861
6.8868
6.8859
6.8863
6.8864
6.8864
6.8865
6.8867
6.8869
6.8868
6.8869
6.8871
6.8868
6.8865
6.8859
6.8847
6.8829
6.8830
6.8819
6.8831
6.8833
6.8838
6.8827
6.8823
6.8826
6.8822
6.8823
6.8820
6.8820
6.8821
6.8822
6.8822
6.8816
6.8816
6.8814
6.8816
6.8820
6.8820
6.8820
6.8821
6.8819
