
6.9604
6.9243
6.9073
6.9138
6.9084
6.9091
6.9100
6.9039
6.9042
6.9078
6.9081
6.9056
6.9020
6.9021
6.9055
6.9027
6.9034
6.9048
6.9049
6.9064
6.9072
6.9052
6.9059
6.9060
6.9060
6.9043
6.9058
6.9064
6.9066
6.9078
6.9098
6.9091
6.9099
6.9102
6.9103
6.9107
6.9114
6.9122
6.9122
6.9122
6.9121
6.9119
6.9119
6.9119
6.9118
6.9117
6.9116
6.9119
6.9117
6.9118
6.9122
6.9122
6.9123
6.9123
6.9121
6.9125
6.9125
6.9123
6.9123
6.9122
6.9122
6.9122
6.9121
6.9122
6.9121
6.9123
6.9124
6.9122
6.9124
6.9124
6.9126
6.9127
6.9128
6.9129
6.9129
6.9128
6.9129
6.9129
6.9129
6.9127
6.9126
6.9125
6.9125
6.9125
6.9124
6.9123
6.9124
6.9123
6.9122
6.9122
6.9120
6.9117
6.9117
6.9118
6.9119
6.9120
6.9119
6.9120
6.9120
6.9119
6.9120
6.9118
6.9119
6.9118
6.9118
6.9118
6.9117
6.9117
6.9117
6.9115
6.9117
6.9116
6.9117
6.9115
6.9116
6.9116
6.9116
6.9117
6.9116
6.9116
6.9115
6.9115
6.9114
6.9115
6.9115
6.9115
6.9115
6.9115
6.9115
6.9115
6.9113
6.9113
6.9115
6.9114
6.9113
6.9112
6.9112
6.9112
6.9113
6.9114
6.9113
6.9113
6.9113
6.9111
6.9111
6.9111
6.9110
6.9109
6.9109
6.9109
6.9109
6.9110
6.9110
6.9110
6.9108
6.9107
6.9107
6.9107
6.9108
6.9108
6.9108
6.9108
6.9108
6.9106
6.9105
6.9103
6.9104
6.9104
6.9105
6.9106
6.9105
6.9105
6.9107
6.9107
6.9107
6.9108
6.9109
6.9109
6.9108
6.9108
6.9108
6.9109
6.9109
6.9108
6.9108
6.9108
6.9108
6.9108
6.9108
6.9108
6.9107
6.9106
6.9105
6.9105
6.9105
6.9105
6.9104
6.9103
6.9102
6.9102
