
6.8738
6.8988
6.9043
6.9055
6.9017
6.9008
6.9032
6.9044
6.9077
6.9050
6.9048
6.9039
6.9009
6.9050
6.9029
6.9032
6.9023
6.9045
6.9053
6.9068
6.9066
6.9059
6.9049
6.9054
6.9062
6.9064
6.9074
6.9079
6.9069
6.9069
6.9075
6.9071
6.9073
6.9071
6.9072
6.9069
6.9069
6.9065
6.9069
6.9067
6.9063
6.9065
6.9061
6.9058
6.9062
6.9059
6.9059
6.9057
6.9052
6.9043
6.9037
6.9027
6.9026
6.9041
6.9032
6.9026
6.9030
6.9037
6.9040
6.9046
6.9037
6.9039
6.9039
6.9038
6.9035
6.9031
6.9030
6.9032
6.9031
6.9043
6.9042
6.9043
6.9047
6.9047
6.9042
6.9047
6.9053
6.9052
6.9054
6.9053
6.9055
6.9053
6.9059
6.9063
6.9064
6.9062
6.9063
6.9062
6.9064
6.9065
6.9065
6.9067
6.9068
6.9069
6.9069
6.9065
6.9062
6.9063
6.9062
6.9062
6.9063
6.9063
6.9063
6.9056
6.9052
6.9050
6.9050
6.9052
6.9055
6.9055
6.9056
6.9057
6.9060
6.9060
6.9062
6.9061
6.9060
6.9060
6.9059
6.9058
6.9058
6.9059
6.9058
6.9057
6.9061
6.9062
6.9065
6.9065
6.9063
6.9060
6.9059
6.9055
6.9057
6.9056
6.9058
6.9058
6.9059
6.9060
6.9061
6.9061
6.9061
6.9061
6.9061
6.9062
6.9061
6.9062
6.9062
6.9062
6.9062
6.9062
6.9062
6.9061
6.9063
6.9063
6.9063
6.9064
6.9065
6.9063
6.9064
6.9065
6.9064
6.9064
6.9065
6.9064
6.9062
6.9062
6.9062
6.9063
6.9061
6.9062
6.9063
6.9064
6.9066
6.9066
6.9066
6.9067
6.9067
6.9066
6.9067
6.9068
6.9069
6.9069
6.9069
6.9070
6.9069
6.9069
6.9069
6.9069
6.9069
6.9070
6.9070
6.9069
6.9068
6.9068
6.9069
6.9069
6.9067
6.9068
6.9067
6.9067
