
6.9204
6.9157
6.8778
6.8837
6.9112
6.9055
6.8981
6.9262
6.9377
6.9436
6.9525
6.9641
6.9625
6.9663
6.9697
6.9554
6.9603
6.9549
6.9627
6.9626
6.9579
6.9642
6.9618
6.9627
6.9633
6.9637
6.9616
6.9601
6.9581
6.9552
6.9560
6.9554
6.9538
6.9521
6.9524
6.9515
6.9516
6.9493
6.9463
6.9453
6.9450
6.9431
6.9436
6.9423
6.9426
6.9444
6.9461
6.9439
6.9445
6.9439
6.9445
6.9439
6.9435
6.9429
6.9428
6.9426
6.9423
6.9416
6.9409
6.9406
6.9400
6.9395
6.9390
6.9384
6.9379
6.9375
6.9370
6.9365
6.9362
6.9358
6.9353
6.9348
6.9345
6.9341
6.9337
6.9336
6.9336
6.9333
6.9331
6.9329
6.9323
6.9320
6.9317
6.9311
6.9308
6.9306
6.9305
6.9303
6.9298
6.9295
6.9293
6.9290
6.9289
6.9289
6.9287
6.9283
6.9284
6.9281
6.9281
6.9280
6.9276
6.9276
6.9278
6.9281
6.9278
6.9278
6.9277
6.9272
6.9273
6.9275
6.9272
6.9274
6.9267
6.9268
6.9265
6.9256
6.9258
6.9258
6.9257
6.9257
6.9260
6.9264
6.9255
6.9259
6.9254
6.9258
6.9261
6.9262
6.9262
6.9263
6.9255
6.9259
6.9250
6.9253
6.9247
6.9242
6.9234
6.9229
6.9223
6.9221
6.9225
6.9223
6.9217
6.9219
6.9222
6.9221
6.9232
6.9229
6.9231
6.9235
6.9232
6.9238
6.9236
6.9246
6.9243
6.9242
6.9237
6.9237
6.9230
6.9237
6.9228
6.9238
6.9235
6.9229
6.9232
6.9240
6.9249
6.9254
6.9252
6.9245
6.9253
6.9251
6.9260
6.9264
6.9269
6.9276
6.9275
6.9279
6.9278
6.9272
6.9268
6.9273
6.9274
6.9280
6.9274
6.9278
6.9276
6.9272
6.9259
6.9263
6.9251
6.9254
6.9265
6.9268
6.9266
6.9264
6.9270
6.9264
6.9252
6.9260

6.9273
6.7914
6.8777
6.9073
6.9451
6.9212
6.9440
6.9746
6.9807
6.9732
6.9555
6.9615
6.9796
6.9540
6.9507
6.9524
6.9535
6.9556
6.9495
6.9454
6.9482
6.9486
6.9465
6.9435
6.9531
6.9521
6.9581
6.9541
6.9562
6.9497
6.9486
6.9492
6.9516
6.9538
6.9541
6.9526
6.9562
6.9557
6.9484
6.9503
6.9561
6.9527
6.9521
6.9500
6.9500
6.9543
6.9481
6.9483
6.9506
6.9522
6.9542
6.9595
6.9588
6.9569
6.9561
6.9562
6.9593
6.9618
6.9605
6.9571
6.9564
6.9583
6.9588
6.9601
6.9580
6.9601
6.9621
6.9632
6.9639
6.9662
6.9671
6.9690
6.9730
6.9768
6.9798
6.9779
6.9750
6.9766
6.9765
6.9762
6.9752
6.9759
6.9755
6.9765
6.9769
6.9747
6.9750
6.9749
6.9740
6.9710
6.9706
6.9704
6.9683
6.9696
6.9706
6.9707
6.9692
6.9696
6.9684
6.9682
6.9660
6.9667
6.9665
6.9660
6.9676
6.9682
6.9669
6.9666
6.9665
6.9675
6.9691
6.9701
6.9690
6.9700
6.9707
6.9682
6.9681
6.9695
6.9673
6.9674
6.9674
6.9638
6.9638
6.9641
6.9649
6.9667
6.9677
6.9660
6.9640
6.9638
6.9627
6.9600
6.9610
6.9619
6.9623
6.9637
6.9635
6.9648
6.9656
6.9676
6.9680
6.9704
6.9714
6.9711
6.9731
6.9736
6.9742
6.9707
6.9694
6.9703
6.9704
6.9684
6.9695
6.9685
6.9686
6.9700
6.9703
6.9708
6.9714
6.9700
6.9690
6.9693
6.9689
6.9692
6.9686
6.9690
6.9687
6.9690
6.9688
6.9683
6.9681
6.9694
6.9704
6.9701
6.9706
6.9700
6.9702
6.9705
6.9721
6.9731
6.9746
6.9749
6.9750
6.9770
6.9772
6.9781
6.9780
6.9781
6.9775
6.9776
6.9772
6.9767
6.9763
6.9769
6.9783
6.9785
6.9776
6.9781
6.9788
6.9788

6.9118
7.0270
7.0397
7.0421
6.9830
7.0152
7.0036
7.0058
7.0090
6.9708
6.9635
6.9615
6.9386
6.9365
6.9541
6.9609
6.9659
6.9741
6.9711
6.9711
6.9632
6.9533
6.9497
6.9528
6.9525
6.9536
6.9526
6.9488
6.9516
6.9458
6.9517
6.9583
6.9550
6.9499
6.9508
6.9510
6.9515
6.9520
6.9539
6.9537
6.9588
6.9564
6.9577
6.9551
6.9584
6.9625
6.9596
6.9554
6.9587
6.9615
6.9618
6.9670
6.9693
6.9684
6.9682
6.9697
6.9697
6.9692
6.9688
6.9680
6.9734
6.9733
6.9732
6.9731
6.9728
6.9730
6.9751
6.9765
6.9738
6.9743
6.9717
6.9722
6.9707
6.9715
6.9670
6.9675
6.9701
6.9684
6.9696
6.9698
6.9686
6.9675
6.9702
6.9683
6.9687
6.9675
6.9666
6.9693
6.9729
6.9735
6.9717
6.9755
6.9731
6.9737
6.9763
6.9778
6.9778
6.9760
6.9755
6.9779
6.9750
6.9775
6.9776
6.9815
6.9821
6.9824
6.9828
6.9810
6.9803
6.9817
6.9823
6.9832
6.9834
6.9847
6.9849
6.9847
6.9837
6.9839
6.9847
6.9833
6.9866
6.9875
6.9899
6.9904
6.9907
6.9926
6.9914
6.9922
6.9906
6.9901
6.9906
6.9905
6.9900
6.9878
6.9899
6.9921
6.9915
6.9919
6.9934
6.9950
6.9958
6.9955
6.9946
6.9948
6.9953
6.9954
6.9974
6.9958
6.9976
6.9981
6.9979
6.9964
6.9984
6.9984
6.9995
6.9980
6.9980
6.9981
6.9969
6.9947
6.9948
6.9969
6.9961
6.9961
6.9954
6.9948
6.9940
6.9943
6.9960
6.9957
6.9956
6.9961
6.9951
6.9956
6.9949
6.9952
6.9945
6.9933
6.9941
6.9956
6.9965
6.9963
6.9960
6.9966
6.9972
6.9968
6.9957
6.9966
6.9983
6.9991
6.9986
6.9991
7.0001
7.0008
7.0015
7.0002
7.0016
7.0013
7.0028
7.0048

6.8471
6.8196
6.9144
6.8976
6.9667
6.9682
6.9618
6.9744
7.0104
7.0035
7.0114
7.0208
7.0302
7.0265
7.0490
7.0600
7.0524
7.0373
7.0371
7.0287
7.0321
7.0470
7.0461
7.0401
7.0347
7.0338
7.0347
7.0233
7.0234
7.0349
7.0358
7.0324
7.0389
7.0432
7.0443
7.0532
7.0529
7.0600
7.0613
7.0622
7.0708
7.0662
7.0628
7.0641
7.0668
7.0632
7.0599
7.0616
7.0611
7.0601
7.0533
7.0505
7.0508
7.0512
7.0438
7.0481
7.0497
7.0467
7.0489
7.0498
7.0532
7.0560
7.0550
7.0529
7.0542
7.0535
7.0473
7.0462
7.0495
7.0484
7.0522
7.0541
7.0541
7.0538
7.0552
7.0538
7.0513
7.0515
7.0527
7.0492
7.0492
7.0495
7.0497
7.0440
7.0495
7.0480
7.0500
7.0514
7.0500
7.0508
7.0501
7.0494
7.0468
7.0456
7.0448
7.0506
7.0521
7.0476
7.0477
7.0457
7.0463
7.0437
7.0443
7.0433
7.0457
7.0437
7.0444
7.0410
7.0412
7.0398
7.0396
7.0397
7.0375
7.0394
7.0400
7.0355
7.0364
7.0362
7.0361
7.0389
7.0392
7.0407
7.0403
7.0403
7.0421
7.0427
7.0411
7.0376
7.0375
7.0384
7.0356
7.0345
7.0353
7.0375
7.0359
7.0350
7.0339
7.0323
7.0341
7.0344
7.0348
7.0340
7.0338
7.0335
7.0322
7.0329
7.0356
7.0346
7.0356
7.0369
7.0377
7.0378
7.0388
7.0381
7.0380
7.0380
7.0385
7.0390
7.0389
7.0403
7.0396
7.0394
7.0383
7.0402
7.0419
7.0400
7.0402
7.0405
7.0405
7.0422
7.0420
7.0429
7.0414
7.0429
7.0451
7.0478
7.0470
7.0449
7.0451
7.0451
7.0456
7.0455
7.0458
7.0459
7.0446
7.0429
7.0441
7.0431
7.0437
7.0436
7.0449
7.0441
7.0450
7.0439
7.0428
7.0425
7.0427
7.0433
7.0456
7.0464

7.3627
7.2751
7.3312
7.3310
7.3636
7.3362
7.3304
7.3003
7.2552
7.2395
7.2604
7.2625
7.2460
7.2330
7.2093
7.2038
7.2019
7.1836
7.1850
7.1705
7.1604
7.1561
7.1605
7.1598
7.1451
7.1416
7.1468
7.1568
7.1609
7.1502
7.1487
7.1453
7.1441
7.1390
7.1381
7.1352
7.1421
7.1460
7.1479
7.1493
7.1418
7.1341
7.1413
7.1327
7.1298
7.1290
7.1330
7.1325
7.1302
7.1319
7.1290
7.1301
7.1277
7.1251
7.1274
7.1278
7.1246
7.1219
7.1135
7.1147
7.1094
7.1043
7.1026
7.1006
7.1025
7.1078
7.1108
7.1182
7.1202
7.1199
7.1208
7.1185
7.1209
7.1193
7.1206
7.1194
7.1183
7.1200
7.1199
7.1130
7.1165
7.1131
7.1123
7.1085
7.1098
7.1126
7.1083
7.1076
7.1090
7.1054
7.1045
7.1040
7.1076
7.1089
7.1048
7.1061
7.1051
7.1038
7.1040
7.1009
7.1013
7.1051
7.1033
7.1044
7.1069
7.1074
7.1105
7.1088
7.1097
7.1073
7.1061
7.1092
7.1110
7.1130
7.1159
7.1165
7.1176
7.1174
7.1229
7.1262
7.1241
7.1203
7.1207
7.1199
7.1291
7.1555
7.2172
7.2867
7.3552
7.4226
7.4890
7.5543
7.6187
7.6821
7.7446
7.8062
7.8669
7.9267
7.9856
8.0437
8.1010
8.1574
8.2131
8.2680
8.3221
8.3755
8.4282
8.4801
8.5314
8.5820
8.6319
8.6811
8.7297
8.7777
8.8251
8.8718
8.9180
8.9636
9.0086
9.0530
9.0969
9.1402
9.1830
9.2253
9.2671
9.3084
9.3491
9.3894
9.4292
9.4686
9.5075
9.5459
9.5839
9.6214
9.6586
9.6953
9.7316
9.7674
9.8029
9.8380
9.8727
9.9070
9.9410
9.9745
10.0077
10.0406
10.0731
10.1052
10.1371
10.1685
10.1997
10.2305
10.2610
10.2912
10.3211
10.3507
10.3799
10.4089
10.4376
10.4660

16.1181
16.1181
16.1181
16.1181
16.1181
16.1181
16.1181
16.1181
16.1181
16.1181
16.1181
16.1181
16.1181
16.1181
16.1181
16.1181
16.1181
16.1181
16.1181
16.1181
16.1181
16.1181
16.1181
16.1181
16.1181
16.1181
16.1181
16.1181
16.1181
16.1181
16.1181
16.1181
16.0570
16.0588
16.0605
16.0621
16.0636
16.0651
16.0664
16.0677
16.0690
16.0701
16.0712
16.0723
16.0733
16.0743
16.0752
16.0761
16.0770
16.0778
16.0786
16.0793
16.0801
16.0808
16.0815
16.0821
16.0827
16.0834
16.0839
16.0845
16.0851
16.0856
16.0861
16.0866
16.0871
16.0876
16.0880
16.0885
16.0889
16.0893
16.0897
16.0901
16.0905
16.0909
16.0912
16.0916
16.0919
16.0923
16.0926
16.0929
16.0932
16.0935
16.0938
16.0941
16.0944
16.0947
16.0949
16.0952
16.0955
16.0957
16.0960
16.0962
16.0964
16.0967
16.0969
16.0971
16.0973
16.0975
16.0977
16.0979
16.0981
16.0983
16.0985
16.0987
16.0989
16.0991
16.0993
16.0994
16.0996
16.0998
16.0999
16.1001
16.1003
16.1004
16.1006
16.1007
16.1009
16.1010
16.1012
16.1013
16.1014
16.1016
16.1017
16.1018
16.1020
16.1021
16.1022
16.1024
16.1025
16.1026
16.1027
16.1028
16.1029
16.1031
16.1032
16.1033
16.1034
16.1035
16.1036
16.1037
16.1038
16.1039
16.1040
16.1041
16.1042
16.1043
16.1044
16.1045
16.1046
16.1047
16.1048
16.1048
16.1049
16.1050
16.1051
16.1052
16.1053
16.1053
16.1054
16.1055
16.1056
16.1057
16.1057
16.1058
16.1059
16.1060
16.1060
16.1061
16.1062
16.1062
16.1063
16.1064
16.1064
16.1065
16.0951
16.0952
16.0953
16.0955
16.0956
16.0957
16.0958
16.0960
16.0961
16.0962
16.0963
16.0964
16.0965
16.0967
16.0968
16.0969
16.0970
16.0971
16.0972
16.0973
16.0974
16.0975
16.0976
16.0977
16.0978
16.0979

16.1181
16.1181
16.1181
16.1181
16.1181
16.1181
16.1181
16.1181
16.1181
16.1181
16.1181
16.1181
16.1181
16.1181
16.1181
16.1181
16.1181
16.1181
16.1181
16.1181
16.1181
16.1181
16.1181
16.1181
16.1181
16.1181
16.1181
16.1181
16.1181
16.1181
16.1181
16.1181
16.1181
16.1181
16.1181
16.1181
16.1181
16.1181
16.1181
16.1181
16.1181
16.1181
16.1181
16.1181
16.1181
16.1181
16.1181
16.1181
16.1181
16.1181
16.1181
16.1181
16.0801
16.0808
16.0815
16.0821
16.0827
16.0834
16.0839
16.0845
16.0851
16.0856
16.0861
16.0866
16.0871
16.0876
16.0880
16.0885
16.0889
16.0893
16.0897
16.0901
16.0905
16.0909
16.0912
16.0916
16.0919
16.0923
16.0926
16.0929
16.0932
16.0935
16.0938
16.0941
16.0944
16.0947
16.0949
16.0952
16.0955
16.0957
16.0960
16.0962
16.0964
16.0967
16.0969
16.0971
16.0973
16.0975
16.0977
16.0979
16.0981
16.0983
16.0985
16.0987
16.0989
16.0991
16.0993
16.0994
16.0996
16.0998
16.0999
16.1001
16.1003
16.1004
16.1006
16.1007
16.1009
16.1010
16.1012
16.1013
16.1014
16.1016
16.1017
16.1018
16.1020
16.1021
16.1022
16.1024
16.1025
16.1026
16.1027
16.1028
16.1029
16.1031
16.1032
16.1033
16.1034
16.1035
16.1036
16.1037
16.1038
16.1039
16.1040
16.1041
16.1042
16.1043
16.1044
16.1045
16.1046
16.1047
16.1048
16.1048
16.1049
16.1050
16.1051
16.1052
16.1053
16.1053
16.1054
16.1055
16.1056
16.1057
16.1057
16.1058
16.1059
16.1060
16.1060
16.1061
16.1062
16.1062
16.1063
16.1064
16.1064
16.1065
16.1066
16.1066
16.1067
16.1068
16.1068
16.1069
16.1070
16.1070
16.1071
16.1071
16.1072
16.1073
16.1073
16.1074
16.1074
16.1075
16.1075
16.1076
16.1077
16.1077
16.1078
16.0975
16.0976
16.0977
16.0978
16.0979

16.1181
16.1181
16.1181
16.1181
16.1181
16.1181
16.1181
16.1181
16.1181
16.1181
16.1181
16.1181
16.1181
16.1181
16.1181
16.1181
16.1181
16.1181
16.1181
16.1181
16.1181
16.1181
16.1181
16.1181
16.1181
16.1181
16.1181
16.1181
16.1181
16.1181
16.1181
16.1181
16.1181
16.1181
16.1181
16.1181
16.1181
16.1181
16.1181
16.1181
16.1181
16.1181
16.1181
16.1181
16.1181
16.1181
16.1181
16.1181
16.1181
16.1181
16.1181
16.1181
16.1181
16.1181
16.1181
16.1181
16.1181
16.1181
16.1181
16.1181
16.1181
16.1181
16.1181
16.1181
16.1181
16.1181
16.1181
16.1181
16.1181
16.1181
16.1181
16.1181
16.1181
16.1181
16.1181
16.1181
16.1181
16.1181
16.1181
16.1181
16.1181
16.1181
16.1181
16.1181
16.1181
16.1181
16.1181
16.1181
16.1181
16.1181
16.1181
16.1181
16.1181
16.1181
16.1181
16.1181
16.1181
16.1181
16.1181
16.1181
16.1181
16.0983
16.0985
16.0987
16.0989
16.0991
16.0993
16.0994
16.0996
16.0998
16.0999
16.1001
16.1003
16.1004
16.1006
16.1007
16.1009
16.1010
16.1012
16.1013
16.1014
16.1016
16.1017
16.1018
16.1020
16.1021
16.1022
16.1024
16.1025
16.1026
16.1027
16.1028
16.1029
16.1031
16.1032
16.1033
16.1034
16.1035
16.1036
16.1037
16.1038
16.1039
16.1040
16.1041
16.1042
16.1043
16.1044
16.1045
16.1046
16.1047
16.1048
16.1048
16.1049
16.1050
16.1051
16.1052
16.1053
16.1053
16.1054
16.1055
16.1056
16.1057
16.1057
16.1058
16.1059
16.1060
16.1060
16.1061
16.1062
16.1062
16.1063
16.1064
16.1064
16.1065
16.1066
16.1066
16.1067
16.0955
16.0956
16.0957
16.0958
16.0960
16.0961
16.0962
16.0963
16.0964
16.0965
16.0967
16.0968
16.0969
16.0970
16.0971
16.0972
16.0973
16.0974
16.0975
16.0976
16.0977
16.0978
16.0979

16.1181
16.1181
16.1181
16.1181
16.1181
16.1181
16.1181
16.1181
16.1181
16.1181
16.1181
16.1181
16.1181
15.9742
15.9838
15.9922
15.9996
16.0062
16.0121
16.0174
16.0222
16.0265
16.0305
16.0341
16.0375
16.0406
16.0435
16.0461
16.0486
16.0509
16.0531
15.9922
15.9960
15.9996
16.0030
16.0062
16.0092
16.0121
16.0148
16.0174
16.0198
16.0222
16.0244
16.0265
16.0286
16.0305
16.0324
16.0341
16.0359
16.0375
16.0391
16.0406
16.0421
16.0435
16.0448
16.0461
16.0474
16.0486
16.0498
16.0509
16.0520
16.0531
16.0541
16.0551
16.0561
16.0570
16.0580
16.0588
16.0597
16.0605
16.0613
16.0621
16.0629
16.0636
16.0644
16.0651
16.0658
16.0664
16.0671
16.0677
16.0683
16.0690
16.0695
16.0701
16.0707
16.0712
16.0718
16.0723
16.0728
16.0733
16.0738
16.0743
16.0748
16.0752
16.0757
16.0761
16.0766
16.0770
16.0774
16.0778
16.0782
16.0786
16.0790
16.0793
16.0797
16.0801
16.0804
16.0808
16.0811
16.0815
16.0818
16.0821
16.0824
16.0827
16.0831
16.0834
16.0837
16.0839
16.0842
16.0845
16.0848
16.0851
16.0853
16.0856
16.0859
16.0861
16.0864
16.0866
16.0869
16.0871
16.0873
16.0876
16.0878
16.0880
16.0882
16.0885
16.0887
16.0889
16.0891
16.0893
16.0895
16.0897
16.0899
16.0901
16.0903
16.0905
16.0907
16.0909
16.0911
16.0912
16.0914
16.0916
16.0918
16.0919
16.0921
16.0923
16.0924
16.0926
16.0928
16.0929
16.0806
16.0808
16.0810
16.0812
16.0815
16.0817
16.0819
16.0821
16.0823
16.0825
16.0827
16.0830
16.0832
16.0834
16.0836
16.0838
16.0839
16.0841
16.0731
16.0733
16.0736
16.0738
16.0741
16.0743
16.0745
16.0748
16.0750
16.0752
16.0755
16.0757
16.0759
16.0761
16.0763
16.0766
16.0768
16.0770
16.0772
16.0774
16.0776
16.0778

16.1181
16.1181
16.1181
16.1181
16.1181
16.1181
16.1181
16.1181
16.1181
16.1181
16.1181
16.1181
16.1181
16.1181
16.1181
16.1181
16.1181
16.1181
16.1181
16.1181
16.1181
16.1181
16.1181
16.1181
16.1181
16.1181
16.1181
16.1181
16.1181
16.1181
16.1181
16.1181
16.1181
16.1181
16.1181
16.1181
16.1181
16.1181
16.1181
16.1181
16.1181
16.1181
16.1181
16.1181
16.1181
16.1181
16.1181
16.1181
16.1181
16.1181
16.1181
16.1181
16.1181
16.1181
16.1181
16.1181
16.1181
16.1181
16.1181
16.1181
16.1181
16.1181
16.1181
16.1181
16.1181
16.1181
16.1181
16.1181
16.1181
16.1181
16.1181
16.1181
16.1181
16.1181
16.1181
16.1181
16.1181
16.1181
16.1181
16.1181
16.1181
16.1181
16.1181
16.1181
16.1181
16.1181
16.1181
16.1181
16.1181
16.1181
16.1181
16.1181
16.1181
16.1181
16.1181
16.1181
16.1181
16.1181
16.1181
16.1181
16.1181
16.1181
16.1181
16.1181
16.1181
16.1181
16.1181
16.1181
16.1181
16.1181
16.1181
16.1181
16.1181
16.1181
16.1181
16.1181
16.1181
16.1181
16.1181
16.1181
16.1181
16.1181
16.1181
16.1181
16.1181
16.1181
16.1181
16.1181
16.1181
16.1181
16.1181
16.1181
16.1181
16.1181
16.1181
16.1181
16.1181
16.1181
16.1181
16.1181
16.1181
16.1181
16.1181
16.1181
16.1181
16.1181
16.1181
16.1181
16.1181
16.1181
16.1181
16.1181
16.1181
16.1181
16.1181
16.1181
16.1181
16.1181
16.1181
16.1181
16.1181
16.1181
16.1181
16.1181
16.1181
16.1181
16.1181
16.1181
16.1181
16.1181
16.1181
16.1181
16.1181
16.1181
16.1181
16.1181
16.1181
16.1181
16.1181
16.1181
16.1181
16.1181
16.1181
16.1181
16.1181
16.1181
16.1181
16.1181
16.1181
16.1181
16.1181
16.1181
16.1181
16.1181
16.1181
16.1181
16.1181
16.1181
16.1181
16.1181
