
6.9204
6.9157
6.8778
6.8837
6.9112
6.9055
6.8981
6.9262
6.9377
6.9436
6.9525
6.9641
6.9625
6.9663
6.9697
6.9554
6.9603
6.9549
6.9627
6.9626
6.9579
6.9642
6.9618
6.9627
6.9633
6.9637
6.9616
6.9601
6.9581
6.9552
6.9560
6.9554
6.9538
6.9521
6.9524
6.9515
6.9516
6.9493
6.9463
6.9453
6.9450
6.9431
6.9436
6.9423
6.9426
6.9444
6.9461
6.9439
6.9445
6.9439
6.9445
6.9439
6.9435
6.9429
6.9428
6.9426
6.9423
6.9416
6.9409
6.9406
6.9400
6.9395
6.9390
6.9384
6.9379
6.9375
6.9370
6.9365
6.9362
6.9358
6.9353
6.9348
6.9345
6.9341
6.9337
6.9336
6.9336
6.9333
6.9331
6.9329
6.9323
6.9320
6.9317
6.9311
6.9308
6.9306
6.9305
6.9303
6.9298
6.9295
6.9293
6.9290
6.9289
6.9289
6.9287
6.9283
6.9284
6.9281
6.9281
6.9280
6.9276
6.9276
6.9278
6.9281
6.9278
6.9278
6.9277
6.9272
6.9273
6.9275
6.9272
6.9274
6.9267
6.9268
6.9265
6.9256
6.9258
6.9258
6.9257
6.9257
6.9260
6.9264
6.9255
6.9259
6.9254
6.9258
6.9261
6.9262
6.9262
6.9263
6.9255
6.9259
6.9250
6.9253
6.9247
6.9242
6.9234
6.9229
6.9223
6.9221
6.9225
6.9223
6.9217
6.9219
6.9222
6.9221
6.9232
6.9229
6.9231
6.9235
6.9232
6.9238
6.9236
6.9246
6.9243
6.9242
6.9237
6.9237
6.9230
6.9237
6.9228
6.9238
6.9235
6.9229
6.9232
6.9240
6.9249
6.9254
6.9252
6.9245
6.9253
6.9251
6.9260
6.9264
6.9269
6.9276
6.9275
6.9279
6.9278
6.9272
6.9268
6.9273
6.9274
6.9280
6.9274
6.9278
6.9276
6.9272
6.9259
6.9263
6.9251
6.9254
6.9265
6.9268
6.9266
6.9264
6.9270
6.9264
6.9252
6.9260
