
6.9273
6.7914
6.8777
6.9073
6.9451
6.9212
6.9440
6.9746
6.9807
6.9732
6.9555
6.9615
6.9796
6.9540
6.9507
6.9524
6.9535
6.9556
6.9495
6.9454
6.9482
6.9486
6.9465
6.9435
6.9531
6.9521
6.9581
6.9541
6.9562
6.9497
6.9486
6.9492
6.9516
6.9538
6.9541
6.9526
6.9562
6.9557
6.9484
6.9503
6.9561
6.9527
6.9521
6.9500
6.9500
6.9543
6.9481
6.9483
6.9506
6.9522
6.9542
6.9595
6.9588
6.9569
6.9561
6.9562
6.9593
6.9618
6.9605
6.9571
6.9564
6.9583
6.9588
6.9601
6.9580
6.9601
6.9621
6.9632
6.9639
6.9662
6.9671
6.9690
6.9730
6.9768
6.9798
6.9779
6.9750
6.9766
6.9765
6.9762
6.9752
6.9759
6.9755
6.9765
6.9769
6.9747
6.9750
6.9749
6.9740
6.9710
6.9706
6.9704
6.9683
6.9696
6.9706
6.9707
6.9692
6.9696
6.9684
6.9682
6.9660
6.9667
6.9665
6.9660
6.9676
6.9682
6.9669
6.9666
6.9665
6.9675
6.9691
6.9701
6.9690
6.9700
6.9707
6.9682
6.9681
6.9695
6.9673
6.9674
6.9674
6.9638
6.9638
6.9641
6.9649
6.9667
6.9677
6.9660
6.9640
6.9638
6.9627
6.9600
6.9610
6.9619
6.9623
6.9637
6.9635
6.9648
6.9656
6.9676
6.9680
6.9704
6.9714
6.9711
6.9731
6.9736
6.9742
6.9707
6.9694
6.9703
6.9704
6.9684
6.9695
6.9685
6.9686
6.9700
6.9703
6.9708
6.9714
6.9700
6.9690
6.9693
6.9689
6.9692
6.9686
6.9690
6.9687
6.9690
6.9688
6.9683
6.9681
6.9694
6.9704
6.9701
6.9706
6.9700
6.9702
6.9705
6.9721
6.9731
6.9746
6.9749
6.9750
6.9770
6.9772
6.9781
6.9780
6.9781
6.9775
6.9776
6.9772
6.9767
6.9763
6.9769
6.9783
6.9785
6.9776
6.9781
6.9788
6.9788
