
7.3627
7.2751
7.3312
7.3310
7.3636
7.3362
7.3304
7.3003
7.2552
7.2395
7.2604
7.2625
7.2460
7.2330
7.2093
7.2038
7.2019
7.1836
7.1850
7.1705
7.1604
7.1561
7.1605
7.1598
7.1451
7.1416
7.1468
7.1568
7.1609
7.1502
7.1487
7.1453
7.1441
7.1390
7.1381
7.1352
7.1421
7.1460
7.1479
7.1493
7.1418
7.1341
7.1413
7.1327
7.1298
7.1290
7.1330
7.1325
7.1302
7.1319
7.1290
7.1301
7.1277
7.1251
7.1274
7.1278
7.1246
7.1219
7.1135
7.1147
7.1094
7.1043
7.1026
7.1006
7.1025
7.1078
7.1108
7.1182
7.1202
7.1199
7.1208
7.1185
7.1209
7.1193
7.1206
7.1194
7.1183
7.1200
7.1199
7.1130
7.1165
7.1131
7.1123
7.1085
7.1098
7.1126
7.1083
7.1076
7.1090
7.1054
7.1045
7.1040
7.1076
7.1089
7.1048
7.1061
7.1051
7.1038
7.1040
7.1009
7.1013
7.1051
7.1033
7.1044
7.1069
7.1074
7.1105
7.1088
7.1097
7.1073
7.1061
7.1092
7.1110
7.1130
7.1159
7.1165
7.1176
7.1174
7.1229
7.1262
7.1241
7.1203
7.1207
7.1199
7.1291
7.1555
7.2172
7.2867
7.3552
7.4226
7.4890
7.5543
7.6187
7.6821
7.7446
7.8062
7.8669
7.9267
7.9856
8.0437
8.1010
8.1574
8.2131
8.2680
8.3221
8.3755
8.4282
8.4801
8.5314
8.5820
8.6319
8.6811
8.7297
8.7777
8.8251
8.8718
8.9180
8.9636
9.0086
9.0530
9.0969
9.1402
9.1830
9.2253
9.2671
9.3084
9.3491
9.3894
9.4292
9.4686
9.5075
9.5459
9.5839
9.6214
9.6586
9.6953
9.7316
9.7674
9.8029
9.8380
9.8727
9.9070
9.9410
9.9745
10.0077
10.0406
10.0731
10.1052
10.1371
10.1685
10.1997
10.2305
10.2610
10.2912
10.3211
10.3507
10.3799
10.4089
10.4376
10.4660
