
16.1181
16.1181
16.1181
16.1181
16.1181
16.1181
16.1181
16.1181
16.1181
16.1181
16.1181
16.1181
16.1181
16.1181
16.1181
16.1181
16.1181
16.1181
16.1181
16.1181
16.1181
16.1181
16.1181
16.1181
16.1181
16.1181
16.1181
16.1181
16.1181
16.1181
16.1181
16.1181
16.1181
16.1181
16.1181
16.1181
16.1181
16.1181
16.1181
16.1181
16.1181
16.1181
16.1181
16.1181
16.1181
16.1181
16.1181
16.1181
16.1181
16.1181
16.1181
16.1181
16.0801
16.0808
16.0815
16.0821
16.0827
16.0834
16.0839
16.0845
16.0851
16.0856
16.0861
16.0866
16.0871
16.0876
16.0880
16.0885
16.0889
16.0893
16.0897
16.0901
16.0905
16.0909
16.0912
16.0916
16.0919
16.0923
16.0926
16.0929
16.0932
16.0935
16.0938
16.0941
16.0944
16.0947
16.0949
16.0952
16.0955
16.0957
16.0960
16.0962
16.0964
16.0967
16.0969
16.0971
16.0973
16.0975
16.0977
16.0979
16.0981
16.0983
16.0985
16.0987
16.0989
16.0991
16.0993
16.0994
16.0996
16.0998
16.0999
16.1001
16.1003
16.1004
16.1006
16.1007
16.1009
16.1010
16.1012
16.1013
16.1014
16.1016
16.1017
16.1018
16.1020
16.1021
16.1022
16.1024
16.1025
16.1026
16.1027
16.1028
16.1029
16.1031
16.1032
16.1033
16.1034
16.1035
16.1036
16.1037
16.1038
16.1039
16.1040
16.1041
16.1042
16.1043
16.1044
16.1045
16.1046
16.1047
16.1048
16.1048
16.1049
16.1050
16.1051
16.1052
16.1053
16.1053
16.1054
16.1055
16.1056
16.1057
16.1057
16.1058
16.1059
16.1060
16.1060
16.1061
16.1062
16.1062
16.1063
16.1064
16.1064
16.1065
16.1066
16.1066
16.1067
16.1068
16.1068
16.1069
16.1070
16.1070
16.1071
16.1071
16.1072
16.1073
16.1073
16.1074
16.1074
16.1075
16.1075
16.1076
16.1077
16.1077
16.1078
16.0975
16.0976
16.0977
16.0978
16.0979
