
6.9118
7.0270
7.0397
7.0421
6.9830
7.0152
7.0036
7.0058
7.0090
6.9708
6.9635
6.9615
6.9386
6.9365
6.9541
6.9609
6.9659
6.9741
6.9711
6.9711
6.9632
6.9533
6.9497
6.9528
6.9525
6.9536
6.9526
6.9488
6.9516
6.9458
6.9517
6.9583
6.9550
6.9499
6.9508
6.9510
6.9515
6.9520
6.9539
6.9537
6.9588
6.9564
6.9577
6.9551
6.9584
6.9625
6.9596
6.9554
6.9587
6.9615
6.9618
6.9670
6.9693
6.9684
6.9682
6.9697
6.9697
6.9692
6.9688
6.9680
6.9734
6.9733
6.9732
6.9731
6.9728
6.9730
6.9751
6.9765
6.9738
6.9743
6.9717
6.9722
6.9707
6.9715
6.9670
6.9675
6.9701
6.9684
6.9696
6.9698
6.9686
6.9675
6.9702
6.9683
6.9687
6.9675
6.9666
6.9693
6.9729
6.9735
6.9717
6.9755
6.9731
6.9737
6.9763
6.9778
6.9778
6.9760
6.9755
6.9779
6.9750
6.9775
6.9776
6.9815
6.9821
6.9824
6.9828
6.9810
6.9803
6.9817
6.9823
6.9832
6.9834
6.9847
6.9849
6.9847
6.9837
6.9839
6.9847
6.9833
6.9866
6.9875
6.9899
6.9904
6.9907
6.9926
6.9914
6.9922
6.9906
6.9901
6.9906
6.9905
6.9900
6.9878
6.9899
6.9921
6.9915
6.9919
6.9934
6.9950
6.9958
6.9955
6.9946
6.9948
6.9953
6.9954
6.9974
6.9958
6.9976
6.9981
6.9979
6.9964
6.9984
6.9984
6.9995
6.9980
6.9980
6.9981
6.9969
6.9947
6.9948
6.9969
6.9961
6.9961
6.9954
6.9948
6.9940
6.9943
6.9960
6.9957
6.9956
6.9961
6.9951
6.9956
6.9949
6.9952
6.9945
6.9933
6.9941
6.9956
6.9965
6.9963
6.9960
6.9966
6.9972
6.9968
6.9957
6.9966
6.9983
6.9991
6.9986
6.9991
7.0001
7.0008
7.0015
7.0002
7.0016
7.0013
7.0028
7.0048
