
16.1181
16.1181
16.1181
16.1181
16.1181
16.1181
16.1181
16.1181
16.1181
16.1181
16.1181
16.1181
16.1181
15.9742
15.9838
15.9922
15.9996
16.0062
16.0121
16.0174
16.0222
16.0265
16.0305
16.0341
16.0375
16.0406
16.0435
16.0461
16.0486
16.0509
16.0531
15.9922
15.9960
15.9996
16.0030
16.0062
16.0092
16.0121
16.0148
16.0174
16.0198
16.0222
16.0244
16.0265
16.0286
16.0305
16.0324
16.0341
16.0359
16.0375
16.0391
16.0406
16.0421
16.0435
16.0448
16.0461
16.0474
16.0486
16.0498
16.0509
16.0520
16.0531
16.0541
16.0551
16.0561
16.0570
16.0580
16.0588
16.0597
16.0605
16.0613
16.0621
16.0629
16.0636
16.0644
16.0651
16.0658
16.0664
16.0671
16.0677
16.0683
16.0690
16.0695
16.0701
16.0707
16.0712
16.0718
16.0723
16.0728
16.0733
16.0738
16.0743
16.0748
16.0752
16.0757
16.0761
16.0766
16.0770
16.0774
16.0778
16.0782
16.0786
16.0790
16.0793
16.0797
16.0801
16.0804
16.0808
16.0811
16.0815
16.0818
16.0821
16.0824
16.0827
16.0831
16.0834
16.0837
16.0839
16.0842
16.0845
16.0848
16.0851
16.0853
16.0856
16.0859
16.0861
16.0864
16.0866
16.0869
16.0871
16.0873
16.0876
16.0878
16.0880
16.0882
16.0885
16.0887
16.0889
16.0891
16.0893
16.0895
16.0897
16.0899
16.0901
16.0903
16.0905
16.0907
16.0909
16.0911
16.0912
16.0914
16.0916
16.0918
16.0919
16.0921
16.0923
16.0924
16.0926
16.0928
16.0929
16.0806
16.0808
16.0810
16.0812
16.0815
16.0817
16.0819
16.0821
16.0823
16.0825
16.0827
16.0830
16.0832
16.0834
16.0836
16.0838
16.0839
16.0841
16.0731
16.0733
16.0736
16.0738
16.0741
16.0743
16.0745
16.0748
16.0750
16.0752
16.0755
16.0757
16.0759
16.0761
16.0763
16.0766
16.0768
16.0770
16.0772
16.0774
16.0776
16.0778
