
16.1181
16.1181
16.1181
16.1181
16.1181
16.1181
16.1181
16.1181
16.1181
16.1181
16.1181
16.1181
16.1181
16.1181
16.1181
16.1181
16.1181
16.1181
16.1181
16.1181
16.1181
16.1181
16.1181
16.1181
16.1181
16.1181
16.1181
16.1181
16.1181
16.1181
16.1181
16.1181
16.1181
16.1181
16.1181
16.1181
16.1181
16.1181
16.1181
16.1181
16.1181
16.1181
16.1181
16.1181
16.1181
16.1181
16.1181
16.1181
16.1181
16.1181
16.1181
16.1181
16.1181
16.1181
16.1181
16.1181
16.1181
16.1181
16.1181
16.1181
16.1181
16.1181
16.1181
16.1181
16.1181
16.1181
16.1181
16.1181
16.1181
16.1181
16.1181
16.1181
16.1181
16.1181
16.1181
16.1181
16.1181
16.1181
16.1181
16.1181
16.1181
16.1181
16.1181
16.1181
16.1181
16.1181
16.1181
16.1181
16.1181
16.1181
16.1181
16.1181
16.1181
16.1181
16.1181
16.1181
16.1181
16.1181
16.1181
16.1181
16.1181
16.0983
16.0985
16.0987
16.0989
16.0991
16.0993
16.0994
16.0996
16.0998
16.0999
16.1001
16.1003
16.1004
16.1006
16.1007
16.1009
16.1010
16.1012
16.1013
16.1014
16.1016
16.1017
16.1018
16.1020
16.1021
16.1022
16.1024
16.1025
16.1026
16.1027
16.1028
16.1029
16.1031
16.1032
16.1033
16.1034
16.1035
16.1036
16.1037
16.1038
16.1039
16.1040
16.1041
16.1042
16.1043
16.1044
16.1045
16.1046
16.1047
16.1048
16.1048
16.1049
16.1050
16.1051
16.1052
16.1053
16.1053
16.1054
16.1055
16.1056
16.1057
16.1057
16.1058
16.1059
16.1060
16.1060
16.1061
16.1062
16.1062
16.1063
16.1064
16.1064
16.1065
16.1066
16.1066
16.1067
16.0955
16.0956
16.0957
16.0958
16.0960
16.0961
16.0962
16.0963
16.0964
16.0965
16.0967
16.0968
16.0969
16.0970
16.0971
16.0972
16.0973
16.0974
16.0975
16.0976
16.0977
16.0978
16.0979
