
6.8471
6.8196
6.9144
6.8976
6.9667
6.9682
6.9618
6.9744
7.0104
7.0035
7.0114
7.0208
7.0302
7.0265
7.0490
7.0600
7.0524
7.0373
7.0371
7.0287
7.0321
7.0470
7.0461
7.0401
7.0347
7.0338
7.0347
7.0233
7.0234
7.0349
7.0358
7.0324
7.0389
7.0432
7.0443
7.0532
7.0529
7.0600
7.0613
7.0622
7.0708
7.0662
7.0628
7.0641
7.0668
7.0632
7.0599
7.0616
7.0611
7.0601
7.0533
7.0505
7.0508
7.0512
7.0438
7.0481
7.0497
7.0467
7.0489
7.0498
7.0532
7.0560
7.0550
7.0529
7.0542
7.0535
7.0473
7.0462
7.0495
7.0484
7.0522
7.0541
7.0541
7.0538
7.0552
7.0538
7.0513
7.0515
7.0527
7.0492
7.0492
7.0495
7.0497
7.0440
7.0495
7.0480
7.0500
7.0514
7.0500
7.0508
7.0501
7.0494
7.0468
7.0456
7.0448
7.0506
7.0521
7.0476
7.0477
7.0457
7.0463
7.0437
7.0443
7.0433
7.0457
7.0437
7.0444
7.0410
7.0412
7.0398
7.0396
7.0397
7.0375
7.0394
7.0400
7.0355
7.0364
7.0362
7.0361
7.0389
7.0392
7.0407
7.0403
7.0403
7.0421
7.0427
7.0411
7.0376
7.0375
7.0384
7.0356
7.0345
7.0353
7.0375
7.0359
7.0350
7.0339
7.0323
7.0341
7.0344
7.0348
7.0340
7.0338
7.0335
7.0322
7.0329
7.0356
7.0346
7.0356
7.0369
7.0377
7.0378
7.0388
7.0381
7.0380
7.0380
7.0385
7.0390
7.0389
7.0403
7.0396
7.0394
7.0383
7.0402
7.0419
7.0400
7.0402
7.0405
7.0405
7.0422
7.0420
7.0429
7.0414
7.0429
7.0451
7.0478
7.0470
7.0449
7.0451
7.0451
7.0456
7.0455
7.0458
7.0459
7.0446
7.0429
7.0441
7.0431
7.0437
7.0436
7.0449
7.0441
7.0450
7.0439
7.0428
7.0425
7.0427
7.0433
7.0456
7.0464
