6.9269
6.9419
6.9357
6.9331
6.9364
6.9396
6.9388
6.9348
6.9356
6.9302
6.9271
6.9276
6.9236
6.9249
6.9226
6.9215
6.9188
6.9175
6.9205
6.9201
6.9198
6.9218
6.9212
6.9232
6.9254
6.9249
6.9244
6.9229
6.9223
6.9219
6.9218
6.9212
6.9210
6.9208
6.9206
6.9201
6.9196
6.9192
6.9194
6.9193
6.9187
6.9187
6.9185
6.9185
6.9183
6.9179
6.9173
6.9174
6.9172
6.9167
6.9170
6.9168
6.9162
6.9160
6.9159
6.9156
6.9151
6.9149
6.9148
6.9149
6.9152
6.9152
6.9155
6.9152
6.9154
6.9151
6.9150
6.9145
6.9146
6.9144
6.9142
6.9142
6.9140
6.9141
6.9143
6.9142
6.9142
6.9143
6.9141
6.9141
6.9142
6.9142
6.9142
6.9141
6.9140
6.9141
6.9140
6.9140
6.9138
6.9138
6.9137
6.9136
6.9135
6.9134
6.9135
6.9133
6.9134
6.9133
6.9133
6.9132
6.9131
6.9131
6.9129
6.9129
6.9129
6.9129
6.9128
6.9127
6.9127
6.9127
6.9126
6.9126
6.9127
6.9126
6.9127
6.9126
6.9125
6.9125
6.9124
6.9124
6.9124
6.9124
6.9124
6.9123
6.9123
6.9122
6.9121
6.9120
6.9121
6.9121
6.9121
6.9120
6.9120
6.9119
6.9118
6.9118
6.9117
6.9117
6.9117
6.9117
6.9117
6.9117
6.9118
6.9117
6.9117
6.9116
6.9116
6.9116
6.9116
6.9116
6.9115
6.9115
6.9115
6.9114
6.9114
6.9114
6.9113
6.9113
6.9113
6.9113
6.9112
6.9112
6.9111
6.9110
6.9111
6.9110
6.9110
6.9110
6.9109
6.9109
6.9109
6.9107
6.9106
6.9106
6.9106
6.9104
6.9104
6.9104
6.9105
6.9107
6.9106
6.9106
6.9106
6.9107
6.9106
6.9105
6.9106
6.9105
6.9105
6.9105
6.9105
6.9104
6.9104
6.9105
6.9104
6.9103
6.9103
6.9103
6.9102
6.9102
6.9049
6.8952
6.8987
6.9004
6.9002
6.9054
6.9073
6.9054
6.9066
6.9044
6.9029
6.9029
6.9031
6.9021
6.9039
6.9056
6.9050
6.9054
6.9048
6.9048
6.9049
6.9043
6.9045
6.9049
6.9044
6.9040
6.9044
6.9040
6.9040
6.9042
6.9051
6.9047
6.9043
6.9044
6.9047
6.9051
6.9052
6.9060
6.9058
6.9060
6.9058
6.9061
6.9059
6.9058
6.9059
6.9060
6.9059
6.9058
6.9060
6.9061
6.9059
6.9058
6.9057
6.9056
6.9056
6.9057
6.9055
6.9058
6.9060
6.9057
6.9056
6.9054
6.9057
6.9057
6.9058
6.9058
6.9058
6.9058
6.9058
6.9058
6.9057
6.9055
6.9056
6.9053
6.9055
6.9052
6.9054
6.9055
6.9055
6.9053
6.9056
6.9054
6.9051
6.9050
6.9049
6.9049
6.9053
6.9053
6.9052
6.9054
6.9055
6.9055
6.9055
6.9054
6.9053
6.9053
6.9054
6.9054
6.9054
6.9052
6.9052
6.9053
6.9053
6.9052
6.9051
6.9052
6.9053
6.9053
6.9054
6.9053
6.9053
6.9052
6.9050
6.9047
6.9047
6.9045
6.9049
6.9047
6.9048
6.9047
6.9048
6.9047
6.9048
6.9048
6.9047
6.9047
6.9048
6.9048
6.9046
6.9046
6.9046
6.9045
6.9046
6.9043
6.9044
6.9045
6.9045
6.9047
6.9045
6.9044
6.9042
6.9042
6.9040
6.9041
6.9038
6.9043
6.9045
6.9041
6.9041
6.9041
6.9040
6.9040
6.9041
6.9040
6.9040
6.9040
6.9039
6.9039
6.9037
6.9034
6.9028
6.9029
6.9042
6.9042
6.9049
6.9046
6.9040
6.9041
6.9042
6.9041
6.9040
6.9039
6.9038
6.9037
6.9036
6.9034
6.9035
6.9035
6.9037
6.9033
6.9033
6.9032
6.9033
6.9031
6.9030
6.9033
6.9031
6.9027
6.9027
6.9031
6.9033
6.9032
6.9031
6.9028
6.9026
6.9027
6.9028
6.9029
6.9028
6.9026
6.8577
6.8856
6.8973
6.8966
6.8954
6.8976
6.8934
6.8933
6.8970
6.8965
6.8967
6.8967
6.8972
6.8966
6.8944
6.8945
6.8951
6.8903
6.8898
6.8865
6.8872
6.8868
6.8857
6.8876
6.8884
6.8894
6.8872
6.8866
6.8867
6.8853
6.8853
6.8860
6.8877
6.8885
6.8893
6.8896
6.8890
6.8889
6.8884
6.8888
6.8874
6.8885
6.8877
6.8873
6.8875
6.8883
6.8881
6.8884
6.8867
6.8871
6.8867
6.8861
6.8866
6.8863
6.8864
6.8853
6.8848
6.8842
6.8843
6.8837
6.8825
6.8830
6.8822
6.8810
6.8815
6.8821
6.8812
6.8819
6.8825
6.8821
6.8831
6.8838
6.8838
6.8838
6.8835
6.8837
6.8840
6.8842
6.8846
6.8842
6.8847
6.8846
6.8846
6.8848
6.8850
6.8851
6.8853
6.8853
6.8856
6.8855
6.8857
6.8858
6.8860
6.8863
6.8865
6.8865
6.8867
6.8868
6.8866
6.8867
6.8867
6.8866
6.8867
6.8872
6.8873
6.8872
6.8870
6.8870
6.8872
6.8874
6.8872
6.8870
6.8869
6.8872
6.8872
6.8874
6.8872
6.8873
6.8873
6.8872
6.8873
6.8868
6.8871
6.8867
6.8868
6.8866
6.8866
6.8870
6.8873
6.8869
6.8868
6.8865
6.8867
6.8866
6.8865
6.8865
6.8864
6.8865
6.8864
6.8866
6.8866
6.8866
6.8866
6.8866
6.8867
6.8867
6.8865
6.8861
6.8866
6.8867
6.8867
6.8864
6.8863
6.8864
6.8863
6.8862
6.8863
6.8861
6.8859
6.8857
6.8852
6.8849
6.8850
6.8848
6.8851
6.8847
6.8843
6.8846
6.8849
6.8848
6.8848
6.8847
6.8845
6.8845
6.8847
6.8844
6.8847
6.8848
6.8851
6.8851
6.8849
6.8847
6.8847
6.8847
6.8848
6.8848
6.8849
6.8847
6.8847
6.8845
6.8846
6.8847
6.8848
6.8844
6.8844
6.8842
6.8843
6.8841
6.8837
6.8838
6.8923
6.8796
6.8889
6.8750
6.8867
6.8827
6.8833
6.8841
6.8873
6.8859
6.8895
6.8855
6.8860
6.8849
6.8845
6.8815
6.8787
6.8787
6.8803
6.8774
6.8746
6.8763
6.8784
6.8788
6.8789
6.8802
6.8807
6.8812
6.8815
6.8816
6.8822
6.8816
6.8813
6.8809
6.8824
6.8802
6.8814
6.8789
6.8785
6.8780
6.8778
6.8764
6.8768
6.8770
6.8764
6.8764
6.8756
6.8753
6.8761
6.8765
6.8776
6.8778
6.8780
6.8779
6.8778
6.8778
6.8770
6.8783
6.8781
6.8783
6.8780
6.8777
6.8774
6.8775
6.8780
6.8780
6.8778
6.8780
6.8775
6.8775
6.8773
6.8762
6.8753
6.8765
6.8790
6.8800
6.8805
6.8791
6.8790
6.8791
6.8786
6.8788
6.8773
6.8762
6.8744
6.8758
6.8771
6.8785
6.8786
6.8782
6.8780
6.8782
6.8785
6.8785
6.8783
6.8785
6.8782
6.8779
6.8770
6.8773
6.8773
6.8778
6.8789
6.8783
6.8787
6.8776
6.8775
6.8775
6.8776
6.8772
6.8774
6.8770
6.8767
6.8762
6.8760
6.8764
6.8762
6.8764
6.8763
6.8761
6.8760
6.8755
6.8753
6.8749
6.8749
6.8749
6.8753
6.8752
6.8752
6.8753
6.8750
6.8753
6.8747
6.8744
6.8752
6.8747
6.8740
6.8742
6.8747
6.8750
6.8749
6.8750
6.8748
6.8748
6.8750
6.8750
6.8750
6.8751
6.8753
6.8752
6.8747
6.8748
6.8743
6.8741
6.8742
6.8744
6.8743
6.8743
6.8745
6.8744
6.8744
6.8744
6.8748
6.8746
6.8743
6.8738
6.8729
6.8724
6.8733
6.8740
6.8737
6.8737
6.8736
6.8734
6.8734
6.8734
6.8738
6.8733
6.8735
6.8730
6.8729
6.8726
6.8727
6.8723
6.8725
6.8723
6.8725
6.8719
6.8718
6.8715
6.8711
6.8710
6.8708
6.8708
6.8707
6.8709
6.8709
6.8711
6.8707
6.8705
6.8665
6.8822
6.9003
6.8905
6.8806
6.8664
6.8696
6.8671
6.8509
6.8602
6.8644
6.8602
6.8578
6.8575
6.8556
6.8563
6.8552
6.8564
6.8584
6.8578
6.8575
6.8568
6.8578
6.8553
6.8545
6.8506
6.8526
6.8471
6.8520
6.8486
6.8471
6.8456
6.8446
6.8445
6.8447
6.8446
6.8457
6.8459
6.8463
6.8453
6.8458
6.8466
6.8463
6.8457
6.8455
6.8453
6.8449
6.8446
6.8441
6.8458
6.8435
6.8413
6.8417
6.8414
6.8415
6.8419
6.8427
6.8426
6.8424
6.8428
6.8422
6.8409
6.8414
6.8439
6.8441
6.8455
6.8461
6.8462
6.8464
6.8470
6.8472
6.8476
6.8480
6.8473
6.8489
6.8486
6.8489
6.8491
6.8491
6.8486
6.8485
6.8485
6.8486
6.8487
6.8482
6.8491
6.8478
6.8469
6.8456
6.8462
6.8477
6.8489
6.8495
6.8495
6.8499
6.8498
6.8500
6.8501
6.8498
6.8497
6.8500
6.8498
6.8496
6.8507
6.8486
6.8488
6.8479
6.8478
6.8482
6.8477
6.8473
6.8477
6.8474
6.8471
6.8466
6.8467
6.8456
6.8455
6.8465
6.8467
6.8466
6.8464
6.8462
6.8465
6.8461
6.8461
6.8459
6.8466
6.8462
6.8463
6.8458
6.8453
6.8455
6.8459
6.8458
6.8458
6.8458
6.8452
6.8454
6.8451
6.8447
6.8454
6.8450
6.8455
6.8451
6.8451
6.8450
6.8452
6.8454
6.8450
6.8451
6.8454
6.8461
6.8459
6.8453
6.8456
6.8451
6.8445
6.8439
6.8448
6.8436
6.8441
6.8449
6.8447
6.8443
6.8443
6.8446
6.8448
6.8449
6.8452
6.8454
6.8459
6.8456
6.8456
6.8456
6.8457
6.8462
6.8467
6.8464
6.8461
6.8462
6.8460
6.8459
6.8462
6.8463
6.8463
6.8459
6.8455
6.8454
6.8451
6.8450
6.8453
6.8449
6.8450
6.8452
6.8454
6.8455
6.8457
6.8459
6.8458
6.8558
6.8791
6.8508
6.8145
6.8124
6.8343
6.8420
6.8617
6.8656
6.8678
6.8675
6.8646
6.8653
6.8632
6.8638
6.8582
6.8561
6.8529
6.8594
6.8629
6.8665
6.8688
6.8687
6.8700
6.8687
6.8691
6.8697
6.8699
6.8694
6.8672
6.8673
6.8671
6.8631
6.8622
6.8677
6.8680
6.8690
6.8682
6.8693
6.8704
6.8709
6.8713
6.8718
6.8722
6.8727
6.8730
6.8731
6.8728
6.8715
6.8715
6.8714
6.8717
6.8717
6.8700
6.8700
6.8700
6.8724
6.8720
6.8711
6.8703
6.8700
6.8687
6.8674
6.8675
6.8678
6.8658
6.8666
6.8675
6.8669
6.8673
6.8663
6.8658
6.8663
6.8656
6.8641
6.8635
6.8641
6.8637
6.8635
6.8608
6.8622
6.8621
6.8600
6.8591
6.8594
6.8595
6.8588
6.8593
6.8600
6.8593
6.8597
6.8597
6.8594
6.8591
6.8577
6.8584
6.8569
6.8573
6.8581
6.8575
6.8581
6.8577
6.8572
6.8564
6.8555
6.8555
6.8553
6.8552
6.8555
6.8557
6.8548
6.8555
6.8548
6.8543
6.8533
6.8534
6.8533
6.8537
6.8540
6.8544
6.8537
6.8527
6.8529
6.8527
6.8522
6.8525
6.8524
6.8522
6.8522
6.8515
6.8505
6.8503
6.8500
6.8489
6.8486
6.8484
6.8484
6.8485
6.8488
6.8490
6.8483
6.8478
6.8473
6.8470
6.8477
6.8474
6.8464
6.8464
6.8468
6.8463
6.8464
6.8465
6.8462
6.8463
6.8460
6.8460
6.8457
6.8462
6.8461
6.8463
6.8460
6.8457
6.8458
6.8459
6.8451
6.8452
6.8452
6.8451
6.8447
6.8444
6.8441
6.8437
6.8438
6.8434
6.8433
6.8436
6.8430
6.8432
6.8431
6.8431
6.8428
6.8429
6.8426
6.8429
6.8427
6.8428
6.8429
6.8414
6.8419
6.8417
6.8414
6.8411
6.8412
6.8414
6.8413
6.8412
6.8402
6.8401
6.8395
6.8387
6.9275
6.9269
6.8715
6.8693
6.8375
6.8406
6.8362
6.8305
6.8281
6.8317
6.8423
6.8425
6.8381
6.8406
6.8406
6.8315
6.8228
6.8259
6.8281
6.8282
6.8270
6.8237
6.8291
6.8327
6.8316
6.8311
6.8320
6.8291
6.8314
6.8306
6.8320
6.8322
6.8271
6.8273
6.8282
6.8276
6.8266
6.8258
6.8217
6.8219
6.8213
6.8214
6.8220
6.8196
6.8188
6.8197
6.8196
6.8199
6.8207
6.8207
6.8210
6.8207
6.8216
6.8208
6.8199
6.8198
6.8212
6.8203
6.8208
6.8204
6.8215
6.8211
6.8218
6.8224
6.8238
6.8243
6.8244
6.8222
6.8203
6.8195
6.8194
6.8227
6.8228
6.8226
6.8226
6.8216
6.8220
6.8225
6.8229
6.8235
6.8240
6.8236
6.8230
6.8235
6.8230
6.8239
6.8250
6.8244
6.8252
6.8243
6.8239
6.8232
6.8233
6.8239
6.8236
6.8238
6.8238
6.8238
6.8236
6.8230
6.8226
6.8233
6.8218
6.8227
6.8233
6.8243
6.8247
6.8246
6.8243
6.8242
6.8240
6.8239
6.8240
6.8245
6.8238
6.8236
6.8236
6.8241
6.8241
6.8240
6.8227
6.8225
6.8227
6.8226
6.8225
6.8231
6.8231
6.8226
6.8227
6.8228
6.8226
6.8227
6.8225
6.8225
6.8234
6.8240
6.8239
6.8241
6.8238
6.8236
6.8233
6.8235
6.8235
6.8239
6.8240
6.8238
6.8239
6.8237
6.8238
6.8236
6.8227
6.8226
6.8220
6.8210
6.8217
6.8221
6.8236
6.8265
6.8270
6.8271
6.8268
6.8264
6.8260
6.8257
6.8253
6.8255
6.8247
6.8250
6.8244
6.8245
6.8246
6.8245
6.8240
6.8235
6.8234
6.8234
6.8231
6.8230
6.8229
6.8233
6.8224
6.8217
6.8215
6.8222
6.8215
6.8219
6.8218
6.8218
6.8217
6.8216
6.8218
6.8221
6.8222
6.8222
6.8219
6.8218
6.8214
6.8215
6.8215
6.8217
6.8681
6.8523
6.8161
6.7794
6.7861
6.7720
6.7888
6.7904
6.8040
6.8068
6.8002
6.8015
6.7962
6.7964
6.7888
6.7895
6.7914
6.7872
6.7897
6.7892
6.7923
6.7943
6.7921
6.7949
6.7922
6.7935
6.7924
6.7934
6.7928
6.7993
6.8002
6.8009
6.8010
6.8012
6.8004
6.7995
6.7983
6.8001
6.8012
6.8010
6.8004
6.8034
6.8063
6.8062
6.8062
6.8073
6.8075
6.8086
6.8087
6.8081
6.8076
6.8071
6.8083
6.8084
6.8090
6.8085
6.8067
6.8063
6.8052
6.8052
6.8039
6.8024
6.8013
6.8001
6.8016
6.8028
6.8019
6.8007
6.8017
6.8002
6.7996
6.7973
6.7977
6.7970
6.7957
6.7947
6.7957
6.7944
6.7925
6.7931
6.7928
6.7922
6.7914
6.7902
6.7894
6.7891
6.7892
6.7904
6.7877
6.7865
6.7854
6.7862
6.7866
6.7868
6.7879
6.7863
6.7863
6.7866
6.7867
6.7871
6.7871
6.7859
6.7858
6.7860
6.7863
6.7858
6.7858
6.7857
6.7859
6.7854
6.7848
6.7855
6.7857
6.7852
6.7844
6.7841
6.7840
6.7833
6.7828
6.7830
6.7842
6.7838
6.7825
6.7835
6.7842
6.7820
6.7824
6.7827
6.7819
6.7816
6.7820
6.7823
6.7822
6.7823
6.7827
6.7831
6.7819
6.7824
6.7828
6.7831
6.7833
6.7837
6.7829
6.7834
6.7837
6.7832
6.7828
6.7828
6.7829
6.7828
6.7825
6.7826
6.7821
6.7816
6.7823
6.7824
6.7818
6.7817
6.7822
6.7825
6.7821
6.7817
6.7815
6.7815
6.7812
6.7807
6.7801
6.7800
6.7797
6.7795
6.7796
6.7790
6.7787
6.7775
6.7770
6.7767
6.7767
6.7764
6.7760
6.7765
6.7760
6.7755
6.7748
6.7747
6.7743
6.7740
6.7740
6.7738
6.7736
6.7735
6.7740
6.7732
6.7726
6.7722
6.7716
6.7723
6.7722
6.7722
6.7732
6.7731
6.7535
6.8178
6.8045
6.7985
6.8032
6.7856
6.7696
6.7733
6.7727
6.7688
6.7736
6.7810
6.7696
6.7685
6.7630
6.7660
6.7609
6.7517
6.7370
6.7359
6.7339
6.7373
6.7393
6.7306
6.7318
6.7337
6.7389
6.7393
6.7346
6.7382
6.7384
6.7368
6.7336
6.7349
6.7371
6.7355
6.7334
6.7350
6.7342
6.7327
6.7314
6.7293
6.7316
6.7296
6.7313
6.7324
6.7337
6.7337
6.7369
6.7349
6.7343
6.7352
6.7351
6.7340
6.7338
6.7341
6.7329
6.7327
6.7343
6.7346
6.7308
6.7320
6.7311
6.7311
6.7325
6.7320
6.7331
6.7334
6.7343
6.7346
6.7351
6.7342
6.7344
6.7334
6.7333
6.7341
6.7334
6.7335
6.7330
6.7307
6.7354
6.7379
6.7367
6.7370
6.7364
6.7367
6.7381
6.7368
6.7363
6.7372
6.7369
6.7361
6.7355
6.7373
6.7365
6.7348
6.7356
6.7349
6.7339
6.7353
6.7361
6.7365
6.7350
6.7352
6.7347
6.7349
6.7349
6.7357
6.7366
6.7355
6.7346
6.7355
6.7365
6.7368
6.7360
6.7355
6.7362
6.7349
6.7342
6.7349
6.7359
6.7351
6.7334
6.7330
6.7321
6.7327
6.7325
6.7319
6.7330
6.7332
6.7334
6.7326
6.7335
6.7345
6.7346
6.7353
6.7350
6.7348
6.7332
6.7313
6.7314
6.7313
6.7311
6.7314
6.7318
6.7320
6.7324
6.7311
6.7310
6.7307
6.7292
6.7284
6.7290
6.7298
6.7291
6.7293
6.7292
6.7295
6.7288
6.7290
6.7292
6.7288
6.7286
6.7285
6.7282
6.7286
6.7288
6.7289
6.7285
6.7285
6.7282
6.7283
6.7282
6.7280
6.7275
6.7271
6.7266
6.7271
6.7273
6.7280
6.7278
6.7272
6.7272
6.7278
6.7279
6.7274
6.7275
6.7281
6.7281
6.7282
6.7283
6.7279
6.7271
6.7264
6.7270
6.7260
6.7267
6.7267
6.7261
6.7265
6.9315
6.7101
6.7137
6.7224
6.6938
6.6859
6.6848
6.6711
6.6915
6.6982
6.6847
6.6857
6.6801
6.6818
6.6807
6.6887
6.6850
6.6863
6.6903
6.6936
6.6956
6.6909
6.6841
6.6799
6.6811
6.6846
6.6847
6.6824
6.6848
6.6846
6.6818
6.6861
6.6901
6.6885
6.6903
6.6880
6.6896
6.6901
6.6987
6.7004
6.7031
6.7045
6.7052
6.7066
6.7084
6.7093
6.7088
6.7082
6.7072
6.7079
6.7046
6.7052
6.7066
6.7079
6.7089
6.7101
6.7086
6.7059
6.7049
6.7048
6.7025
6.6994
6.7001
6.7009
6.7017
6.6982
6.6980
6.6987
6.7010
6.7005
6.7001
6.7013
6.7012
6.7025
6.7021
6.7016
6.7014
6.7000
6.7015
6.7027
6.7023
6.7026
6.7021
6.7014
6.7012
6.7013
6.7010
6.7001
6.7007
6.7012
6.7018
6.7014
6.7011
6.7003
6.7005
6.6999
6.7001
6.7009
6.7007
6.7000
6.7005
6.7017
6.7012
6.7008
6.7018
6.7031
6.7028
6.7025
6.7000
6.6998
6.6986
6.6999
6.6980
6.6970
6.6972
6.6980
6.6982
6.6992
6.6958
6.6956
6.6940
6.6946
6.6951
6.6951
6.6957
6.6955
6.6961
6.6959
6.6970
6.6977
6.6981
6.6982
6.6978
6.6987
6.6989
6.6995
6.6998
6.7004
6.7005
6.7007
6.7007
6.7007
6.6997
6.6997
6.7002
6.7000
6.6995
6.6996
6.7001
6.6992
6.6997
6.7007
6.7004
6.7010
6.7005
6.7004
6.7003
6.7003
6.7005
6.6995
6.7004
6.6993
6.6994
6.6995
6.7002
6.7006
6.7008
6.7001
6.7001
6.7005
6.7009
6.7013
6.7017
6.7006
6.7010
6.7011
6.7012
6.7013
6.7002
6.6999
6.7002
6.7003
6.6992
6.7001
6.6995
6.6996
6.7000
6.6992
6.6986
6.6989
6.6988
6.6994
6.6990
6.6986
6.6977
6.6974
6.6972
6.6968
6.6960
6.6964
