
6.8665
6.8822
6.9003
6.8905
6.8806
6.8664
6.8696
6.8671
6.8509
6.8602
6.8644
6.8602
6.8578
6.8575
6.8556
6.8563
6.8552
6.8564
6.8584
6.8578
6.8575
6.8568
6.8578
6.8553
6.8545
6.8506
6.8526
6.8471
6.8520
6.8486
6.8471
6.8456
6.8446
6.8445
6.8447
6.8446
6.8457
6.8459
6.8463
6.8453
6.8458
6.8466
6.8463
6.8457
6.8455
6.8453
6.8449
6.8446
6.8441
6.8458
6.8435
6.8413
6.8417
6.8414
6.8415
6.8419
6.8427
6.8426
6.8424
6.8428
6.8422
6.8409
6.8414
6.8439
6.8441
6.8455
6.8461
6.8462
6.8464
6.8470
6.8472
6.8476
6.8480
6.8473
6.8489
6.8486
6.8489
6.8491
6.8491
6.8486
6.8485
6.8485
6.8486
6.8487
6.8482
6.8491
6.8478
6.8469
6.8456
6.8462
6.8477
6.8489
6.8495
6.8495
6.8499
6.8498
6.8500
6.8501
6.8498
6.8497
6.8500
6.8498
6.8496
6.8507
6.8486
6.8488
6.8479
6.8478
6.8482
6.8477
6.8473
6.8477
6.8474
6.8471
6.8466
6.8467
6.8456
6.8455
6.8465
6.8467
6.8466
6.8464
6.8462
6.8465
6.8461
6.8461
6.8459
6.8466
6.8462
6.8463
6.8458
6.8453
6.8455
6.8459
6.8458
6.8458
6.8458
6.8452
6.8454
6.8451
6.8447
6.8454
6.8450
6.8455
6.8451
6.8451
6.8450
6.8452
6.8454
6.8450
6.8451
6.8454
6.8461
6.8459
6.8453
6.8456
6.8451
6.8445
6.8439
6.8448
6.8436
6.8441
6.8449
6.8447
6.8443
6.8443
6.8446
6.8448
6.8449
6.8452
6.8454
6.8459
6.8456
6.8456
6.8456
6.8457
6.8462
6.8467
6.8464
6.8461
6.8462
6.8460
6.8459
6.8462
6.8463
6.8463
6.8459
6.8455
6.8454
6.8451
6.8450
6.8453
6.8449
6.8450
6.8452
6.8454
6.8455
6.8457
6.8459
6.8458
