
6.7535
6.8178
6.8045
6.7985
6.8032
6.7856
6.7696
6.7733
6.7727
6.7688
6.7736
6.7810
6.7696
6.7685
6.7630
6.7660
6.7609
6.7517
6.7370
6.7359
6.7339
6.7373
6.7393
6.7306
6.7318
6.7337
6.7389
6.7393
6.7346
6.7382
6.7384
6.7368
6.7336
6.7349
6.7371
6.7355
6.7334
6.7350
6.7342
6.7327
6.7314
6.7293
6.7316
6.7296
6.7313
6.7324
6.7337
6.7337
6.7369
6.7349
6.7343
6.7352
6.7351
6.7340
6.7338
6.7341
6.7329
6.7327
6.7343
6.7346
6.7308
6.7320
6.7311
6.7311
6.7325
6.7320
6.7331
6.7334
6.7343
6.7346
6.7351
6.7342
6.7344
6.7334
6.7333
6.7341
6.7334
6.7335
6.7330
6.7307
6.7354
6.7379
6.7367
6.7370
6.7364
6.7367
6.7381
6.7368
6.7363
6.7372
6.7369
6.7361
6.7355
6.7373
6.7365
6.7348
6.7356
6.7349
6.7339
6.7353
6.7361
6.7365
6.7350
6.7352
6.7347
6.7349
6.7349
6.7357
6.7366
6.7355
6.7346
6.7355
6.7365
6.7368
6.7360
6.7355
6.7362
6.7349
6.7342
6.7349
6.7359
6.7351
6.7334
6.7330
6.7321
6.7327
6.7325
6.7319
6.7330
6.7332
6.7334
6.7326
6.7335
6.7345
6.7346
6.7353
6.7350
6.7348
6.7332
6.7313
6.7314
6.7313
6.7311
6.7314
6.7318
6.7320
6.7324
6.7311
6.7310
6.7307
6.7292
6.7284
6.7290
6.7298
6.7291
6.7293
6.7292
6.7295
6.7288
6.7290
6.7292
6.7288
6.7286
6.7285
6.7282
6.7286
6.7288
6.7289
6.7285
6.7285
6.7282
6.7283
6.7282
6.7280
6.7275
6.7271
6.7266
6.7271
6.7273
6.7280
6.7278
6.7272
6.7272
6.7278
6.7279
6.7274
6.7275
6.7281
6.7281
6.7282
6.7283
6.7279
6.7271
6.7264
6.7270
6.7260
6.7267
6.7267
6.7261
6.7265
