
6.8923
6.8796
6.8889
6.8750
6.8867
6.8827
6.8833
6.8841
6.8873
6.8859
6.8895
6.8855
6.8860
6.8849
6.8845
6.8815
6.8787
6.8787
6.8803
6.8774
6.8746
6.8763
6.8784
6.8788
6.8789
6.8802
6.8807
6.8812
6.8815
6.8816
6.8822
6.8816
6.8813
6.8809
6.8824
6.8802
6.8814
6.8789
6.8785
6.8780
6.8778
6.8764
6.8768
6.8770
6.8764
6.8764
6.8756
6.8753
6.8761
6.8765
6.8776
6.8778
6.8780
6.8779
6.8778
6.8778
6.8770
6.8783
6.8781
6.8783
6.8780
6.8777
6.8774
6.8775
6.8780
6.8780
6.8778
6.8780
6.8775
6.8775
6.8773
6.8762
6.8753
6.8765
6.8790
6.8800
6.8805
6.8791
6.8790
6.8791
6.8786
6.8788
6.8773
6.8762
6.8744
6.8758
6.8771
6.8785
6.8786
6.8782
6.8780
6.8782
6.8785
6.8785
6.8783
6.8785
6.8782
6.8779
6.8770
6.8773
6.8773
6.8778
6.8789
6.8783
6.8787
6.8776
6.8775
6.8775
6.8776
6.8772
6.8774
6.8770
6.8767
6.8762
6.8760
6.8764
6.8762
6.8764
6.8763
6.8761
6.8760
6.8755
6.8753
6.8749
6.8749
6.8749
6.8753
6.8752
6.8752
6.8753
6.8750
6.8753
6.8747
6.8744
6.8752
6.8747
6.8740
6.8742
6.8747
6.8750
6.8749
6.8750
6.8748
6.8748
6.8750
6.8750
6.8750
6.8751
6.8753
6.8752
6.8747
6.8748
6.8743
6.8741
6.8742
6.8744
6.8743
6.8743
6.8745
6.8744
6.8744
6.8744
6.8748
6.8746
6.8743
6.8738
6.8729
6.8724
6.8733
6.8740
6.8737
6.8737
6.8736
6.8734
6.8734
6.8734
6.8738
6.8733
6.8735
6.8730
6.8729
6.8726
6.8727
6.8723
6.8725
6.8723
6.8725
6.8719
6.8718
6.8715
6.8711
6.8710
6.8708
6.8708
6.8707
6.8709
6.8709
6.8711
6.8707
6.8705
