
6.8558
6.8791
6.8508
6.8145
6.8124
6.8343
6.8420
6.8617
6.8656
6.8678
6.8675
6.8646
6.8653
6.8632
6.8638
6.8582
6.8561
6.8529
6.8594
6.8629
6.8665
6.8688
6.8687
6.8700
6.8687
6.8691
6.8697
6.8699
6.8694
6.8672
6.8673
6.8671
6.8631
6.8622
6.8677
6.8680
6.8690
6.8682
6.8693
6.8704
6.8709
6.8713
6.8718
6.8722
6.8727
6.8730
6.8731
6.8728
6.8715
6.8715
6.8714
6.8717
6.8717
6.8700
6.8700
6.8700
6.8724
6.8720
6.8711
6.8703
6.8700
6.8687
6.8674
6.8675
6.8678
6.8658
6.8666
6.8675
6.8669
6.8673
6.8663
6.8658
6.8663
6.8656
6.8641
6.8635
6.8641
6.8637
6.8635
6.8608
6.8622
6.8621
6.8600
6.8591
6.8594
6.8595
6.8588
6.8593
6.8600
6.8593
6.8597
6.8597
6.8594
6.8591
6.8577
6.8584
6.8569
6.8573
6.8581
6.8575
6.8581
6.8577
6.8572
6.8564
6.8555
6.8555
6.8553
6.8552
6.8555
6.8557
6.8548
6.8555
6.8548
6.8543
6.8533
6.8534
6.8533
6.8537
6.8540
6.8544
6.8537
6.8527
6.8529
6.8527
6.8522
6.8525
6.8524
6.8522
6.8522
6.8515
6.8505
6.8503
6.8500
6.8489
6.8486
6.8484
6.8484
6.8485
6.8488
6.8490
6.8483
6.8478
6.8473
6.8470
6.8477
6.8474
6.8464
6.8464
6.8468
6.8463
6.8464
6.8465
6.8462
6.8463
6.8460
6.8460
6.8457
6.8462
6.8461
6.8463
6.8460
6.8457
6.8458
6.8459
6.8451
6.8452
6.8452
6.8451
6.8447
6.8444
6.8441
6.8437
6.8438
6.8434
6.8433
6.8436
6.8430
6.8432
6.8431
6.8431
6.8428
6.8429
6.8426
6.8429
6.8427
6.8428
6.8429
6.8414
6.8419
6.8417
6.8414
6.8411
6.8412
6.8414
6.8413
6.8412
6.8402
6.8401
6.8395
6.8387
