
6.8681
6.8523
6.8161
6.7794
6.7861
6.7720
6.7888
6.7904
6.8040
6.8068
6.8002
6.8015
6.7962
6.7964
6.7888
6.7895
6.7914
6.7872
6.7897
6.7892
6.7923
6.7943
6.7921
6.7949
6.7922
6.7935
6.7924
6.7934
6.7928
6.7993
6.8002
6.8009
6.8010
6.8012
6.8004
6.7995
6.7983
6.8001
6.8012
6.8010
6.8004
6.8034
6.8063
6.8062
6.8062
6.8073
6.8075
6.8086
6.8087
6.8081
6.8076
6.8071
6.8083
6.8084
6.8090
6.8085
6.8067
6.8063
6.8052
6.8052
6.8039
6.8024
6.8013
6.8001
6.8016
6.8028
6.8019
6.8007
6.8017
6.8002
6.7996
6.7973
6.7977
6.7970
6.7957
6.7947
6.7957
6.7944
6.7925
6.7931
6.7928
6.7922
6.7914
6.7902
6.7894
6.7891
6.7892
6.7904
6.7877
6.7865
6.7854
6.7862
6.7866
6.7868
6.7879
6.7863
6.7863
6.7866
6.7867
6.7871
6.7871
6.7859
6.7858
6.7860
6.7863
6.7858
6.7858
6.7857
6.7859
6.7854
6.7848
6.7855
6.7857
6.7852
6.7844
6.7841
6.7840
6.7833
6.7828
6.7830
6.7842
6.7838
6.7825
6.7835
6.7842
6.7820
6.7824
6.7827
6.7819
6.7816
6.7820
6.7823
6.7822
6.7823
6.7827
6.7831
6.7819
6.7824
6.7828
6.7831
6.7833
6.7837
6.7829
6.7834
6.7837
6.7832
6.7828
6.7828
6.7829
6.7828
6.7825
6.7826
6.7821
6.7816
6.7823
6.7824
6.7818
6.7817
6.7822
6.7825
6.7821
6.7817
6.7815
6.7815
6.7812
6.7807
6.7801
6.7800
6.7797
6.7795
6.7796
6.7790
6.7787
6.7775
6.7770
6.7767
6.7767
6.7764
6.7760
6.7765
6.7760
6.7755
6.7748
6.7747
6.7743
6.7740
6.7740
6.7738
6.7736
6.7735
6.7740
6.7732
6.7726
6.7722
6.7716
6.7723
6.7722
6.7722
6.7732
6.7731
