
6.9269
6.9419
6.9357
6.9331
6.9364
6.9396
6.9388
6.9348
6.9356
6.9302
6.9271
6.9276
6.9236
6.9249
6.9226
6.9215
6.9188
6.9175
6.9205
6.9201
6.9198
6.9218
6.9212
6.9232
6.9254
6.9249
6.9244
6.9229
6.9223
6.9219
6.9218
6.9212
6.9210
6.9208
6.9206
6.9201
6.9196
6.9192
6.9194
6.9193
6.9187
6.9187
6.9185
6.9185
6.9183
6.9179
6.9173
6.9174
6.9172
6.9167
6.9170
6.9168
6.9162
6.9160
6.9159
6.9156
6.9151
6.9149
6.9148
6.9149
6.9152
6.9152
6.9155
6.9152
6.9154
6.9151
6.9150
6.9145
6.9146
6.9144
6.9142
6.9142
6.9140
6.9141
6.9143
6.9142
6.9142
6.9143
6.9141
6.9141
6.9142
6.9142
6.9142
6.9141
6.9140
6.9141
6.9140
6.9140
6.9138
6.9138
6.9137
6.9136
6.9135
6.9134
6.9135
6.9133
6.9134
6.9133
6.9133
6.9132
6.9131
6.9131
6.9129
6.9129
6.9129
6.9129
6.9128
6.9127
6.9127
6.9127
6.9126
6.9126
6.9127
6.9126
6.9127
6.9126
6.9125
6.9125
6.9124
6.9124
6.9124
6.9124
6.9124
6.9123
6.9123
6.9122
6.9121
6.9120
6.9121
6.9121
6.9121
6.9120
6.9120
6.9119
6.9118
6.9118
6.9117
6.9117
6.9117
6.9117
6.9117
6.9117
6.9118
6.9117
6.9117
6.9116
6.9116
6.9116
6.9116
6.9116
6.9115
6.9115
6.9115
6.9114
6.9114
6.9114
6.9113
6.9113
6.9113
6.9113
6.9112
6.9112
6.9111
6.9110
6.9111
6.9110
6.9110
6.9110
6.9109
6.9109
6.9109
6.9107
6.9106
6.9106
6.9106
6.9104
6.9104
6.9104
6.9105
6.9107
6.9106
6.9106
6.9106
6.9107
6.9106
6.9105
6.9106
6.9105
6.9105
6.9105
6.9105
6.9104
6.9104
6.9105
6.9104
6.9103
6.9103
6.9103
6.9102
6.9102
