
6.9049
6.8952
6.8987
6.9004
6.9002
6.9054
6.9073
6.9054
6.9066
6.9044
6.9029
6.9029
6.9031
6.9021
6.9039
6.9056
6.9050
6.9054
6.9048
6.9048
6.9049
6.9043
6.9045
6.9049
6.9044
6.9040
6.9044
6.9040
6.9040
6.9042
6.9051
6.9047
6.9043
6.9044
6.9047
6.9051
6.9052
6.9060
6.9058
6.9060
6.9058
6.9061
6.9059
6.9058
6.9059
6.9060
6.9059
6.9058
6.9060
6.9061
6.9059
6.9058
6.9057
6.9056
6.9056
6.9057
6.9055
6.9058
6.9060
6.9057
6.9056
6.9054
6.9057
6.9057
6.9058
6.9058
6.9058
6.9058
6.9058
6.9058
6.9057
6.9055
6.9056
6.9053
6.9055
6.9052
6.9054
6.9055
6.9055
6.9053
6.9056
6.9054
6.9051
6.9050
6.9049
6.9049
6.9053
6.9053
6.9052
6.9054
6.9055
6.9055
6.9055
6.9054
6.9053
6.9053
6.9054
6.9054
6.9054
6.9052
6.9052
6.9053
6.9053
6.9052
6.9051
6.9052
6.9053
6.9053
6.9054
6.9053
6.9053
6.9052
6.9050
6.9047
6.9047
6.9045
6.9049
6.9047
6.9048
6.9047
6.9048
6.9047
6.9048
6.9048
6.9047
6.9047
6.9048
6.9048
6.9046
6.9046
6.9046
6.9045
6.9046
6.9043
6.9044
6.9045
6.9045
6.9047
6.9045
6.9044
6.9042
6.9042
6.9040
6.9041
6.9038
6.9043
6.9045
6.9041
6.9041
6.9041
6.9040
6.9040
6.9041
6.9040
6.9040
6.9040
6.9039
6.9039
6.9037
6.9034
6.9028
6.9029
6.9042
6.9042
6.9049
6.9046
6.9040
6.9041
6.9042
6.9041
6.9040
6.9039
6.9038
6.9037
6.9036
6.9034
6.9035
6.9035
6.9037
6.9033
6.9033
6.9032
6.9033
6.9031
6.9030
6.9033
6.9031
6.9027
6.9027
6.9031
6.9033
6.9032
6.9031
6.9028
6.9026
6.9027
6.9028
6.9029
6.9028
6.9026
