
6.8577
6.8856
6.8973
6.8966
6.8954
6.8976
6.8934
6.8933
6.8970
6.8965
6.8967
6.8967
6.8972
6.8966
6.8944
6.8945
6.8951
6.8903
6.8898
6.8865
6.8872
6.8868
6.8857
6.8876
6.8884
6.8894
6.8872
6.8866
6.8867
6.8853
6.8853
6.8860
6.8877
6.8885
6.8893
6.8896
6.8890
6.8889
6.8884
6.8888
6.8874
6.8885
6.8877
6.8873
6.8875
6.8883
6.8881
6.8884
6.8867
6.8871
6.8867
6.8861
6.8866
6.8863
6.8864
6.8853
6.8848
6.8842
6.8843
6.8837
6.8825
6.8830
6.8822
6.8810
6.8815
6.8821
6.8812
6.8819
6.8825
6.8821
6.8831
6.8838
6.8838
6.8838
6.8835
6.8837
6.8840
6.8842
6.8846
6.8842
6.8847
6.8846
6.8846
6.8848
6.8850
6.8851
6.8853
6.8853
6.8856
6.8855
6.8857
6.8858
6.8860
6.8863
6.8865
6.8865
6.8867
6.8868
6.8866
6.8867
6.8867
6.8866
6.8867
6.8872
6.8873
6.8872
6.8870
6.8870
6.8872
6.8874
6.8872
6.8870
6.8869
6.8872
6.8872
6.8874
6.8872
6.8873
6.8873
6.8872
6.8873
6.8868
6.8871
6.8867
6.8868
6.8866
6.8866
6.8870
6.8873
6.8869
6.8868
6.8865
6.8867
6.8866
6.8865
6.8865
6.8864
6.8865
6.8864
6.8866
6.8866
6.8866
6.8866
6.8866
6.8867
6.8867
6.8865
6.8861
6.8866
6.8867
6.8867
6.8864
6.8863
6.8864
6.8863
6.8862
6.8863
6.8861
6.8859
6.8857
6.8852
6.8849
6.8850
6.8848
6.8851
6.8847
6.8843
6.8846
6.8849
6.8848
6.8848
6.8847
6.8845
6.8845
6.8847
6.8844
6.8847
6.8848
6.8851
6.8851
6.8849
6.8847
6.8847
6.8847
6.8848
6.8848
6.8849
6.8847
6.8847
6.8845
6.8846
6.8847
6.8848
6.8844
6.8844
6.8842
6.8843
6.8841
6.8837
6.8838
