
6.9275
6.9269
6.8715
6.8693
6.8375
6.8406
6.8362
6.8305
6.8281
6.8317
6.8423
6.8425
6.8381
6.8406
6.8406
6.8315
6.8228
6.8259
6.8281
6.8282
6.8270
6.8237
6.8291
6.8327
6.8316
6.8311
6.8320
6.8291
6.8314
6.8306
6.8320
6.8322
6.8271
6.8273
6.8282
6.8276
6.8266
6.8258
6.8217
6.8219
6.8213
6.8214
6.8220
6.8196
6.8188
6.8197
6.8196
6.8199
6.8207
6.8207
6.8210
6.8207
6.8216
6.8208
6.8199
6.8198
6.8212
6.8203
6.8208
6.8204
6.8215
6.8211
6.8218
6.8224
6.8238
6.8243
6.8244
6.8222
6.8203
6.8195
6.8194
6.8227
6.8228
6.8226
6.8226
6.8216
6.8220
6.8225
6.8229
6.8235
6.8240
6.8236
6.8230
6.8235
6.8230
6.8239
6.8250
6.8244
6.8252
6.8243
6.8239
6.8232
6.8233
6.8239
6.8236
6.8238
6.8238
6.8238
6.8236
6.8230
6.8226
6.8233
6.8218
6.8227
6.8233
6.8243
6.8247
6.8246
6.8243
6.8242
6.8240
6.8239
6.8240
6.8245
6.8238
6.8236
6.8236
6.8241
6.8241
6.8240
6.8227
6.8225
6.8227
6.8226
6.8225
6.8231
6.8231
6.8226
6.8227
6.8228
6.8226
6.8227
6.8225
6.8225
6.8234
6.8240
6.8239
6.8241
6.8238
6.8236
6.8233
6.8235
6.8235
6.8239
6.8240
6.8238
6.8239
6.8237
6.8238
6.8236
6.8227
6.8226
6.8220
6.8210
6.8217
6.8221
6.8236
6.8265
6.8270
6.8271
6.8268
6.8264
6.8260
6.8257
6.8253
6.8255
6.8247
6.8250
6.8244
6.8245
6.8246
6.8245
6.8240
6.8235
6.8234
6.8234
6.8231
6.8230
6.8229
6.8233
6.8224
6.8217
6.8215
6.8222
6.8215
6.8219
6.8218
6.8218
6.8217
6.8216
6.8218
6.8221
6.8222
6.8222
6.8219
6.8218
6.8214
6.8215
6.8215
6.8217
