
6.9315
6.7101
6.7137
6.7224
6.6938
6.6859
6.6848
6.6711
6.6915
6.6982
6.6847
6.6857
6.6801
6.6818
6.6807
6.6887
6.6850
6.6863
6.6903
6.6936
6.6956
6.6909
6.6841
6.6799
6.6811
6.6846
6.6847
6.6824
6.6848
6.6846
6.6818
6.6861
6.6901
6.6885
6.6903
6.6880
6.6896
6.6901
6.6987
6.7004
6.7031
6.7045
6.7052
6.7066
6.7084
6.7093
6.7088
6.7082
6.7072
6.7079
6.7046
6.7052
6.7066
6.7079
6.7089
6.7101
6.7086
6.7059
6.7049
6.7048
6.7025
6.6994
6.7001
6.7009
6.7017
6.6982
6.6980
6.6987
6.7010
6.7005
6.7001
6.7013
6.7012
6.7025
6.7021
6.7016
6.7014
6.7000
6.7015
6.7027
6.7023
6.7026
6.7021
6.7014
6.7012
6.7013
6.7010
6.7001
6.7007
6.7012
6.7018
6.7014
6.7011
6.7003
6.7005
6.6999
6.7001
6.7009
6.7007
6.7000
6.7005
6.7017
6.7012
6.7008
6.7018
6.7031
6.7028
6.7025
6.7000
6.6998
6.6986
6.6999
6.6980
6.6970
6.6972
6.6980
6.6982
6.6992
6.6958
6.6956
6.6940
6.6946
6.6951
6.6951
6.6957
6.6955
6.6961
6.6959
6.6970
6.6977
6.6981
6.6982
6.6978
6.6987
6.6989
6.6995
6.6998
6.7004
6.7005
6.7007
6.7007
6.7007
6.6997
6.6997
6.7002
6.7000
6.6995
6.6996
6.7001
6.6992
6.6997
6.7007
6.7004
6.7010
6.7005
6.7004
6.7003
6.7003
6.7005
6.6995
6.7004
6.6993
6.6994
6.6995
6.7002
6.7006
6.7008
6.7001
6.7001
6.7005
6.7009
6.7013
6.7017
6.7006
6.7010
6.7011
6.7012
6.7013
6.7002
6.6999
6.7002
6.7003
6.6992
6.7001
6.6995
6.6996
6.7000
6.6992
6.6986
6.6989
6.6988
6.6994
6.6990
6.6986
6.6977
6.6974
6.6972
6.6968
6.6960
6.6964
