
7.0261
7.0272
7.0616
7.0357
7.0800
7.1149
7.1030
7.1239
7.1347
7.0991
7.1175
7.1175
7.1060
7.1070
7.1174
7.1179
7.1146
7.1059
7.0993
7.0885
7.0880
7.0885
7.0939
7.0986
7.1023
7.1341
7.1305
7.1255
7.1378
7.1379
7.1354
7.1348
7.1319
7.1406
7.1384
7.1403
7.1367
7.1385
7.1339
7.1372
7.1356
7.1315
7.1339
7.1314
7.1303
7.1265
7.1217
7.1187
7.1145
7.1136
7.1118
7.1102
7.1139
7.1126
7.1111
7.1103
7.1089
7.1119
7.1133
7.1122
7.1126
7.1117
7.1099
7.1066
7.1088
7.1132
7.1160
7.1194
7.1228
7.1245
7.1232
7.1178
7.1136
7.1149
7.1126
7.1115
7.1140
7.1124
7.1178
7.1155
7.1133
7.1149
7.1190
7.1158
7.1169
7.1153
7.1143
7.1136
7.1163
7.1151
7.1175
7.1160
7.1155
7.1143
7.1163
7.1152
7.1138
7.1125
7.1102
7.1085
