
7.0347
6.9548
6.9667
6.9665
6.9762
6.9675
6.9674
6.9643
6.9597
6.9775
7.0013
6.9929
6.9880
7.0003
6.9963
7.0129
7.0082
7.0017
7.0098
7.0161
7.0175
7.0123
7.0164
7.0169
7.0153
7.0175
7.0161
7.0180
7.0154
7.0141
7.0126
7.0126
7.0130
7.0185
7.0145
7.0140
7.0114
7.0115
7.0072
7.0119
7.0137
7.0149
7.0101
7.0116
7.0086
7.0092
7.0136
7.0116
7.0101
7.0055
7.0076
7.0059
7.0078
7.0118
7.0108
7.0103
7.0061
7.0083
7.0086
7.0076
7.0076
7.0114
7.0091
7.0085
7.0096
7.0107
7.0102
7.0130
7.0130
7.0147
7.0133
7.0140
7.0133
7.0121
7.0124
7.0081
7.0104
7.0085
7.0063
7.0048
7.0030
7.0031
7.0002
6.9987
7.0005
7.0021
7.0045
7.0037
7.0064
7.0063
7.0043
7.0032
7.0038
7.0018
7.0033
7.0033
7.0043
7.0033
7.0021
7.0009
