
7.1070
7.1870
7.0586
7.0705
7.0880
7.0508
7.0484
7.0278
7.0275
7.0314
7.0050
6.9993
7.0235
7.0383
7.0241
7.0218
7.0145
7.0145
7.0219
7.0137
7.0205
7.0165
7.0102
7.0049
7.0071
7.0138
7.0081
7.0104
7.0120
7.0160
7.0271
7.0266
7.0316
7.0349
7.0353
7.0337
7.0354
7.0370
7.0311
7.0262
7.0268
7.0293
7.0283
7.0264
7.0304
7.0315
7.0315
7.0290
7.0309
7.0350
7.0335
7.0306
7.0305
7.0282
7.0325
7.0256
7.0245
7.0260
7.0248
7.0276
7.0319
7.0298
7.0280
7.0295
7.0307
7.0308
7.0342
7.0356
7.0372
7.0358
7.0340
7.0341
7.0320
7.0333
7.0315
7.0318
7.0337
7.0335
7.0329
7.0337
7.0329
7.0357
7.0369
7.0331
7.0341
7.0372
7.0369
7.0392
7.0404
7.0407
7.0386
7.0379
7.0399
7.0397
7.0409
7.0410
7.0407
7.0425
7.0409
7.0414
