
7.9298
7.8306
7.7390
7.6335
7.5549
7.4943
7.4917
7.4885
7.4310
7.4284
7.4270
7.4403
7.4934
7.5014
7.5092
7.4966
7.4863
7.4760
7.4919
7.4857
7.5049
7.5100
7.5044
7.5084
7.4979
7.5027
7.5021
7.5063
7.5046
7.4966
7.5004
7.4917
7.5035
7.4970
7.5028
7.5078
7.4938
7.5009
7.4873
7.4784
7.4691
7.4625
7.4592
7.4673
7.4549
7.4609
7.4516
7.4503
7.4549
7.4561
7.4655
7.4739
7.4674
7.4675
7.4659
7.4616
7.4633
7.4569
7.4595
7.4622
7.4619
7.4587
7.4624
7.4651
7.4667
7.4658
7.4585
7.4551
7.4451
7.4417
7.4419
7.4372
7.4388
7.4361
7.4420
7.4408
7.4448
7.4466
7.4520
7.4476
7.4494
7.4501
7.4519
7.4529
7.4498
7.4452
7.4451
7.4457
7.4409
7.4412
7.4373
7.4339
7.4386
7.4380
7.4384
7.4380
7.4358
7.4312
7.4286
7.4239
