
6.9948
7.0090
7.0131
7.0490
7.0480
7.0378
7.0179
7.0041
6.9980
6.9946
6.9827
6.9901
6.9807
7.0008
6.9913
6.9900
6.9839
6.9979
6.9955
6.9888
6.9984
7.0027
7.0035
6.9959
6.9926
6.9906
6.9935
6.9949
6.9917
6.9850
6.9812
6.9826
6.9815
6.9859
6.9828
6.9822
6.9852
6.9915
6.9918
6.9943
6.9938
6.9888
6.9855
6.9879
6.9874
6.9862
6.9877
6.9912
6.9915
6.9918
6.9927
6.9951
6.9975
6.9944
6.9945
6.9928
6.9901
6.9916
6.9956
6.9980
7.0005
7.0007
7.0024
7.0003
6.9999
7.0007
6.9979
6.9984
6.9977
6.9988
6.9994
7.0007
7.0033
7.0030
7.0039
7.0027
7.0009
7.0003
7.0010
7.0023
7.0047
7.0040
7.0048
7.0039
7.0040
7.0049
7.0033
7.0041
7.0054
7.0054
7.0046
7.0039
7.0024
7.0011
6.9999
6.9993
7.0004
6.9999
7.0019
7.0017
