
7.2177
7.2352
7.2487
7.2967
7.2326
7.2267
7.2473
7.2648
7.2458
7.2346
7.2585
7.2538
7.2291
7.2284
7.2231
7.2255
7.2249
7.2064
7.2165
7.1830
7.1813
7.1883
7.1732
7.1710
7.1764
7.2066
7.1955
7.1753
7.1745
7.1712
7.1732
7.1763
7.1788
7.1731
7.1728
7.1709
7.1802
7.1730
7.1754
7.1624
7.1570
7.1591
7.1622
7.1550
7.1551
7.1571
7.1548
7.1564
7.1568
7.1592
7.1625
7.1556
7.1525
7.1595
7.1611
7.1594
7.1609
7.1592
7.1598
7.1606
7.1558
7.1613
7.1740
7.1703
7.1701
7.1708
7.1711
7.1713
7.1689
7.1664
7.1637
7.1650
7.1648
7.1592
7.1564
7.1552
7.1609
7.1600
7.1601
7.1572
7.1609
7.1582
7.1592
7.1589
7.1613
7.1559
7.1540
7.1599
7.1624
7.1565
7.1532
7.1501
7.1520
7.1518
7.1492
7.1476
7.1455
7.1490
7.1500
7.1521
