
6.9094
6.9804
6.9947
6.9606
6.9295
6.9335
6.9475
6.9516
6.9357
6.9575
6.9633
6.9653
6.9604
6.9721
6.9702
6.9649
6.9680
6.9677
6.9755
6.9741
6.9707
6.9791
6.9815
6.9839
6.9793
6.9747
6.9745
6.9823
6.9803
6.9752
6.9789
6.9766
6.9750
6.9881
6.9879
6.9856
6.9887
6.9932
6.9943
6.9949
6.9926
6.9926
6.9883
6.9875
6.9893
6.9917
6.9882
6.9872
6.9892
6.9896
6.9902
6.9874
6.9864
6.9865
6.9882
6.9919
6.9946
6.9962
6.9997
7.0011
7.0024
7.0029
7.0030
7.0044
7.0031
7.0037
7.0059
7.0063
7.0049
7.0010
7.0003
7.0005
7.0014
7.0021
7.0017
7.0025
7.0046
7.0050
7.0056
7.0055
7.0071
7.0063
7.0066
7.0066
7.0043
7.0047
7.0022
6.9996
6.9998
7.0013
7.0026
7.0023
7.0044
7.0020
7.0039
7.0022
7.0001
6.9987
6.9984
6.9974
