
6.8395
7.0968
7.1267
7.0364
7.1071
7.1200
7.1042
7.1270
7.0997
7.1183
7.1317
7.1265
7.1450
7.1458
7.1455
7.1520
7.1514
7.1543
7.1654
7.1730
7.1788
7.1724
7.1650
7.1596
7.1526
7.1516
7.1386
7.1406
7.1386
7.1416
7.1309
7.1246
7.1277
7.1180
7.1287
7.1255
7.1214
7.1166
7.1303
7.1301
7.1237
7.1176
7.1165
7.1199
7.1150
7.1143
7.1147
7.1155
7.1156
7.1141
7.1093
7.1031
7.1150
7.1192
7.1258
7.1221
7.1186
7.1199
7.1232
7.1247
7.1288
7.1286
7.1282
7.1286
7.1279
7.1257
7.1271
7.1283
7.1258
7.1249
7.1246
7.1210
7.1212
7.1196
7.1167
7.1134
7.1137
7.1114
7.1088
7.1078
7.1065
7.1046
7.1046
7.1077
7.1055
7.1092
7.1110
7.1127
7.1103
7.1093
7.1118
7.1095
7.1110
7.1092
7.1083
7.1055
7.1042
7.1051
7.1045
7.1057
