
7.0554
7.0626
7.0550
6.9958
7.0531
7.0200
7.0149
7.0282
7.0513
7.0659
7.0626
7.0452
7.0344
7.0449
7.0463
7.0443
7.0596
7.0716
7.0600
7.0448
7.0473
7.0274
7.0289
7.0273
7.0253
7.0232
7.0255
7.0259
7.0271
7.0270
7.0266
7.0272
7.0212
7.0287
7.0237
7.0239
7.0223
7.0150
7.0149
7.0130
7.0061
7.0072
7.0080
7.0036
7.0043
7.0040
7.0042
7.0043
7.0038
7.0031
7.0013
7.0010
6.9998
7.0023
7.0038
7.0037
7.0019
7.0020
7.0021
7.0012
7.0024
7.0039
7.0058
7.0019
7.0046
7.0067
7.0040
7.0045
7.0034
7.0026
6.9999
7.0012
7.0015
6.9994
7.0031
7.0027
7.0031
7.0064
7.0079
7.0075
7.0084
7.0086
7.0075
7.0073
7.0064
7.0071
7.0058
7.0066
7.0117
7.0112
7.0118
7.0103
7.0107
7.0090
7.0100
7.0096
7.0106
7.0091
7.0091
7.0089
