
7.4457
7.2875
7.3904
7.5255
7.4520
7.4396
7.4057
7.3533
7.3087
7.3049
7.2939
7.3156
7.3373
7.3532
7.3330
7.3553
7.3670
7.3473
7.3475
7.3400
7.3383
7.3390
7.3200
7.3274
7.3054
7.3037
7.3007
7.3007
7.2922
7.2824
7.2927
7.2853
7.2794
7.2828
7.2842
7.2788
7.2868
7.2824
7.2771
7.2757
7.2708
7.2751
7.2704
7.2701
7.2688
7.2725
7.2756
7.2654
7.2651
7.2671
7.2647
7.2683
7.2693
7.2719
7.2708
7.2691
7.2672
7.2725
7.2728
7.2752
7.2690
7.2734
7.2723
7.2761
7.2730
7.2768
7.2765
7.2763
7.2775
7.2789
7.2788
7.2737
7.2747
7.2743
7.2724
7.2724
7.2670
7.2700
7.2655
7.2627
7.2623
7.2603
7.2612
7.2590
7.2605
7.2623
7.2607
7.2603
7.2571
7.2556
7.2526
7.2540
7.2521
7.2520
7.2551
7.2551
7.2562
7.2564
7.2532
7.2531
