
6.9156
6.9119
6.9141
6.9189
6.9206
6.9246
6.9300
6.9279
6.9260
6.9233
6.9207
6.9215
6.9216
6.9210
6.9209
6.9195
6.9184
6.9179
6.9166
6.9155
6.9161
6.9154
6.9160
6.9172
6.9187
6.9186
6.9183
6.9186
6.9179
6.9179
6.9174
6.9185
6.9182
6.9189
6.9197
6.9197
6.9193
6.9190
6.9190
6.9184
6.9184
6.9181
6.9180
6.9178
6.9176
6.9179
6.9180
6.9180
6.9178
6.9176
6.9175
6.9175
6.9174
6.9174
6.9173
6.9170
6.9168
6.9166
6.9165
6.9164
6.9163
6.9161
6.9162
6.9160
6.9159
6.9158
6.9157
6.9157
6.9156
6.9155
6.9153
6.9153
6.9152
6.9151
6.9150
6.9149
6.9148
6.9147
6.9146
6.9146
6.9146
6.9145
6.9145
6.9145
6.9145
6.9144
6.9143
6.9142
6.9142
6.9142
6.9141
6.9140
6.9140
6.9138
6.9137
6.9137
6.9136
6.9135
6.9135
6.9134
6.9134
6.9134
6.9134
6.9134
6.9133
6.9133
6.9132
6.9132
6.9132
6.9131
6.9131
6.9129
6.9129
6.9128
6.9128
6.9128
6.9127
6.9127
6.9127
6.9126
6.9126
6.9126
6.9125
6.9125
6.9124
6.9124
6.9124
6.9124
6.9124
6.9124
6.9123
6.9123
6.9123
6.9123
6.9122
6.9121
6.9122
6.9122
6.9121
6.9121
6.9122
6.9121
6.9120
6.9119
6.9119
6.9119
6.9119
6.9119
6.9118
6.9118
6.9118
6.9117
6.9117
6.9117
6.9117
6.9116
6.9117
6.9117
6.9117
6.9117
6.9117
6.9116
6.9116
6.9115
6.9115
6.9115
6.9115
6.9115
6.9114
6.9114
6.9115
6.9115
6.9115
6.9114
6.9114
6.9114
6.9114
6.9114
6.9113
6.9113
6.9113
6.9113
6.9112
6.9112
6.9112
6.9112
6.9112
6.9112
6.9112
6.9113
6.9112
6.9113
6.9112
6.9112
6.9112
6.9111
6.9111
6.9111
6.9110
6.9110

6.9050
6.9141
6.9108
6.9082
6.9096
6.9089
6.9106
6.9094
6.9088
6.9101
6.9080
6.9105
6.9095
6.9089
6.9101
6.9103
6.9090
6.9094
6.9097
6.9085
6.9081
6.9082
6.9075
6.9081
6.9080
6.9081
6.9080
6.9082
6.9085
6.9082
6.9085
6.9078
6.9080
6.9084
6.9085
6.9089
6.9089
6.9087
6.9088
6.9090
6.9095
6.9091
6.9091
6.9091
6.9091
6.9090
6.9087
6.9085
6.9082
6.9081
6.9077
6.9080
6.9085
6.9088
6.9091
6.9093
6.9094
6.9095
6.9093
6.9091
6.9090
6.9094
6.9092
6.9095
6.9095
6.9094
6.9096
6.9093
6.9093
6.9092
6.9092
6.9096
6.9094
6.9089
6.9087
6.9087
6.9085
6.9090
6.9091
6.9088
6.9091
6.9093
6.9092
6.9091
6.9092
6.9091
6.9092
6.9091
6.9096
6.9098
6.9102
6.9105
6.9103
6.9103
6.9103
6.9103
6.9104
6.9102
6.9100
6.9103
6.9103
6.9104
6.9107
6.9108
6.9108
6.9109
6.9108
6.9106
6.9110
6.9110
6.9109
6.9110
6.9109
6.9108
6.9109
6.9108
6.9108
6.9109
6.9110
6.9111
6.9112
6.9111
6.9108
6.9109
6.9109
6.9107
6.9109
6.9112
6.9113
6.9112
6.9113
6.9115
6.9114
6.9115
6.9118
6.9118
6.9117
6.9117
6.9117
6.9119
6.9120
6.9121
6.9119
6.9120
6.9117
6.9117
6.9120
6.9119
6.9119
6.9121
6.9121
6.9122
6.9121
6.9122
6.9125
6.9123
6.9126
6.9127
6.9128
6.9128
6.9127
6.9128
6.9130
6.9131
6.9132
6.9133
6.9134
6.9134
6.9133
6.9135
6.9136
6.9137
6.9138
6.9138
6.9137
6.9136
6.9136
6.9136
6.9136
6.9138
6.9138
6.9139
6.9138
6.9140
6.9137
6.9137
6.9137
6.9137
6.9136
6.9137
6.9137
6.9140
6.9140
6.9141
6.9141
6.9141
6.9142
6.9142
6.9143
6.9142

6.9101
6.9048
6.9155
6.9202
6.9245
6.9192
6.9189
6.9167
6.9165
6.9162
6.9160
6.9183
6.9189
6.9198
6.9220
6.9198
6.9180
6.9180
6.9180
6.9176
6.9162
6.9148
6.9161
6.9159
6.9153
6.9164
6.9156
6.9165
6.9164
6.9166
6.9169
6.9163
6.9158
6.9172
6.9165
6.9161
6.9155
6.9159
6.9151
6.9154
6.9151
6.9147
6.9149
6.9148
6.9145
6.9150
6.9153
6.9153
6.9151
6.9147
6.9149
6.9149
6.9151
6.9151
6.9147
6.9150
6.9150
6.9147
6.9150
6.9147
6.9150
6.9152
6.9150
6.9150
6.9153
6.9151
6.9152
6.9150
6.9148
6.9146
6.9148
6.9147
6.9144
6.9148
6.9147
6.9148
6.9147
6.9145
6.9148
6.9148
6.9146
6.9147
6.9149
6.9150
6.9150
6.9151
6.9153
6.9152
6.9151
6.9151
6.9152
6.9153
6.9153
6.9151
6.9147
6.9150
6.9152
6.9154
6.9152
6.9153
6.9155
6.9154
6.9155
6.9156
6.9158
6.9159
6.9157
6.9158
6.9159
6.9158
6.9159
6.9162
6.9160
6.9161
6.9161
6.9162
6.9160
6.9161
6.9162
6.9162
6.9160
6.9162
6.9163
6.9161
6.9160
6.9159
6.9158
6.9157
6.9156
6.9156
6.9155
6.9154
6.9151
6.9152
6.9155
6.9155
6.9152
6.9150
6.9149
6.9148
6.9150
6.9150
6.9151
6.9150
6.9150
6.9150
6.9150
6.9149
6.9150
6.9151
6.9150
6.9151
6.9150
6.9151
6.9152
6.9154
6.9154
6.9155
6.9153
6.9154
6.9154
6.9154
6.9152
6.9154
6.9154
6.9152
6.9154
6.9154
6.9152
6.9152
6.9153
6.9152
6.9152
6.9155
6.9157
6.9158
6.9158
6.9158
6.9158
6.9157
6.9156
6.9155
6.9155
6.9154
6.9155
6.9154
6.9153
6.9153
6.9152
6.9152
6.9153
6.9154
6.9153
6.9152
6.9152
6.9153
6.9154
6.9152
6.9150
6.9152

6.9079
6.9267
6.9088
6.9075
6.9127
6.9144
6.9160
6.9167
6.9180
6.9181
6.9179
6.9166
6.9166
6.9167
6.9200
6.9193
6.9183
6.9165
6.9169
6.9159
6.9152
6.9140
6.9143
6.9148
6.9150
6.9172
6.9169
6.9177
6.9176
6.9167
6.9169
6.9173
6.9174
6.9171
6.9174
6.9163
6.9157
6.9156
6.9151
6.9154
6.9161
6.9166
6.9162
6.9172
6.9173
6.9175
6.9181
6.9176
6.9179
6.9181
6.9180
6.9180
6.9180
6.9184
6.9185
6.9190
6.9190
6.9191
6.9191
6.9185
6.9189
6.9191
6.9190
6.9183
6.9188
6.9188
6.9187
6.9190
6.9189
6.9190
6.9191
6.9190
6.9186
6.9185
6.9182
6.9185
6.9183
6.9189
6.9186
6.9188
6.9187
6.9181
6.9176
6.9178
6.9181
6.9178
6.9173
6.9171
6.9174
6.9178
6.9178
6.9175
6.9176
6.9178
6.9177
6.9176
6.9177
6.9177
6.9178
6.9182
6.9181
6.9183
6.9185
6.9184
6.9182
6.9182
6.9181
6.9182
6.9183
6.9183
6.9180
6.9177
6.9178
6.9175
6.9177
6.9180
6.9178
6.9177
6.9181
6.9184
6.9185
6.9184
6.9185
6.9184
6.9183
6.9182
6.9187
6.9188
6.9189
6.9189
6.9191
6.9190
6.9189
6.9187
6.9185
6.9188
6.9189
6.9190
6.9188
6.9190
6.9190
6.9193
6.9192
6.9192
6.9193
6.9190
6.9189
6.9187
6.9187
6.9187
6.9189
6.9188
6.9188
6.9186
6.9186
6.9186
6.9187
6.9188
6.9188
6.9187
6.9187
6.9189
6.9187
6.9185
6.9185
6.9185
6.9187
6.9184
6.9186
6.9189
6.9188
6.9190
6.9190
6.9191
6.9191
6.9191
6.9191
6.9189
6.9189
6.9192
6.9190
6.9189
6.9191
6.9192
6.9194
6.9194
6.9197
6.9197
6.9199
6.9199
6.9201
6.9202
6.9204
6.9204
6.9203
6.9202
6.9201
6.9200
6.9200
6.9199

6.8875
6.8932
6.8915
6.8961
6.8993
6.9118
6.9040
6.9070
6.9123
6.9145
6.9141
6.9141
6.9172
6.9165
6.9170
6.9175
6.9168
6.9180
6.9169
6.9161
6.9160
6.9169
6.9169
6.9169
6.9181
6.9179
6.9179
6.9165
6.9163
6.9170
6.9154
6.9158
6.9158
6.9177
6.9178
6.9178
6.9187
6.9187
6.9190
6.9196
6.9185
6.9189
6.9188
6.9188
6.9197
6.9202
6.9204
6.9200
6.9208
6.9204
6.9213
6.9218
6.9223
6.9220
6.9228
6.9228
6.9223
6.9223
6.9230
6.9232
6.9234
6.9229
6.9228
6.9224
6.9223
6.9226
6.9228
6.9225
6.9219
6.9221
6.9225
6.9220
6.9221
6.9221
6.9219
6.9219
6.9219
6.9219
6.9221
6.9221
6.9221
6.9218
6.9223
6.9216
6.9213
6.9214
6.9210
6.9214
6.9213
6.9214
6.9216
6.9215
6.9217
6.9214
6.9213
6.9216
6.9212
6.9213
6.9215
6.9213
6.9215
6.9216
6.9215
6.9219
6.9221
6.9221
6.9223
6.9223
6.9221
6.9217
6.9215
6.9219
6.9221
6.9221
6.9219
6.9220
6.9215
6.9215
6.9216
6.9216
6.9214
6.9215
6.9214
6.9215
6.9218
6.9218
6.9214
6.9215
6.9215
6.9214
6.9214
6.9217
6.9219
6.9224
6.9225
6.9225
6.9224
6.9222
6.9223
6.9219
6.9221
6.9222
6.9223
6.9221
6.9222
6.9226
6.9228
6.9228
6.9228
6.9226
6.9227
6.9228
6.9227
6.9228
6.9227
6.9226
6.9223
6.9222
6.9221
6.9221
6.9221
6.9221
6.9219
6.9218
6.9219
6.9219
6.9221
6.9218
6.9217
6.9217
6.9218
6.9216
6.9218
6.9218
6.9219
6.9217
6.9219
6.9219
6.9222
6.9221
6.9221
6.9223
6.9222
6.9222
6.9223
6.9221
6.9221
6.9221
6.9223
6.9223
6.9222
6.9222
6.9224
6.9223
6.9226
6.9226
6.9226
6.9227
6.9226
6.9227

6.9256
6.9164
6.9156
6.9203
6.9140
6.9071
6.9106
6.9097
6.9101
6.9115
6.9135
6.9133
6.9124
6.9139
6.9093
6.9091
6.9098
6.9108
6.9120
6.9128
6.9150
6.9172
6.9197
6.9186
6.9205
6.9213
6.9216
6.9226
6.9231
6.9240
6.9237
6.9239
6.9233
6.9235
6.9222
6.9219
6.9220
6.9218
6.9225
6.9220
6.9227
6.9230
6.9222
6.9229
6.9229
6.9232
6.9232
6.9230
6.9232
6.9234
6.9232
6.9234
6.9234
6.9235
6.9241
6.9247
6.9242
6.9243
6.9238
6.9229
6.9232
6.9225
6.9218
6.9221
6.9220
6.9219
6.9221
6.9225
6.9226
6.9228
6.9226
6.9224
6.9227
6.9229
6.9229
6.9229
6.9228
6.9222
6.9226
6.9229
6.9228
6.9227
6.9234
6.9241
6.9243
6.9243
6.9244
6.9243
6.9244
6.9248
6.9244
6.9247
6.9250
6.9249
6.9249
6.9251
6.9253
6.9256
6.9252
6.9255
6.9254
6.9252
6.9252
6.9254
6.9256
6.9254
6.9255
6.9257
6.9258
6.9257
6.9255
6.9259
6.9261
6.9253
6.9276
6.9274
6.9274
6.9273
6.9272
6.9275
6.9273
6.9272
6.9272
6.9273
6.9272
6.9272
6.9276
6.9276
6.9275
6.9276
6.9275
6.9282
6.9282
6.9284
6.9283
6.9282
6.9281
6.9281
6.9279
6.9282
6.9285
6.9287
6.9287
6.9297
6.9297
6.9299
6.9297
6.9300
6.9297
6.9295
6.9295
6.9294
6.9298
6.9299
6.9297
6.9298
6.9295
6.9294
6.9293
6.9292
6.9291
6.9292
6.9293
6.9294
6.9294
6.9293
6.9291
6.9289
6.9291
6.9289
6.9289
6.9292
6.9293
6.9294
6.9290
6.9291
6.9290
6.9289
6.9289
6.9290
6.9291
6.9289
6.9290
6.9292
6.9291
6.9290
6.9291
6.9293
6.9293
6.9292
6.9290
6.9289
6.9288
6.9288
6.9292
6.9293
6.9293
6.9292
6.9291
6.9289

6.9003
6.9122
6.9083
6.9204
6.9323
6.9405
6.9369
6.9396
6.9443
6.9492
6.9490
6.9473
6.9437
6.9448
6.9462
6.9432
6.9437
6.9420
6.9395
6.9385
6.9383
6.9391
6.9377
6.9355
6.9339
6.9343
6.9343
6.9361
6.9360
6.9364
6.9361
6.9350
6.9352
6.9355
6.9361
6.9356
6.9350
6.9352
6.9351
6.9341
6.9338
6.9342
6.9350
6.9346
6.9341
6.9350
6.9332
6.9322
6.9321
6.9321
6.9330
6.9326
6.9326
6.9322
6.9319
6.9325
6.9324
6.9329
6.9332
6.9334
6.9339
6.9337
6.9334
6.9333
6.9327
6.9325
6.9321
6.9318
6.9314
6.9317
6.9316
6.9318
6.9320
6.9319
6.9316
6.9308
6.9307
6.9302
6.9301
6.9303
6.9310
6.9306
6.9308
6.9305
6.9305
6.9307
6.9303
6.9338
6.9409
6.9412
6.9414
6.9416
6.9410
6.9462
6.9466
6.9466
6.9464
6.9461
6.9461
6.9458
6.9452
6.9447
6.9447
6.9441
6.9438
6.9434
6.9433
6.9431
6.9426
6.9426
6.9437
6.9436
6.9433
6.9431
6.9428
6.9427
6.9428
6.9426
6.9424
6.9423
6.9420
6.9419
6.9416
6.9416
6.9412
6.9411
6.9408
6.9408
6.9410
6.9411
6.9411
6.9413
6.9416
6.9413
6.9411
6.9409
6.9407
6.9404
6.9404
6.9405
6.9401
6.9401
6.9398
6.9400
6.9400
6.9402
6.9400
6.9402
6.9401
6.9400
6.9399
6.9403
6.9401
6.9399
6.9400
6.9396
6.9390
6.9389
6.9388
6.9389
6.9390
6.9388
6.9386
6.9386
6.9388
6.9392
6.9390
6.9390
6.9388
6.9388
6.9385
6.9386
6.9387
6.9386
6.9385
6.9385
6.9388
6.9385
6.9386
6.9388
6.9387
6.9389
6.9387
6.9384
6.9383
6.9382
6.9380
6.9378
6.9378
6.9378
6.9377
6.9377
6.9375
6.9375
6.9375
6.9376
6.9376
6.9374
6.9371
6.9369

6.9155
6.9344
6.9327
6.9230
6.9242
6.9188
6.9231
6.9234
6.9189
6.9206
6.9186
6.9171
6.9173
6.9179
6.9167
6.9154
6.9135
6.9138
6.9145
6.9152
6.9150
6.9143
6.9149
6.9155
6.9165
6.9167
6.9157
6.9172
6.9168
6.9175
6.9179
6.9178
6.9184
6.9176
6.9182
6.9172
6.9179
6.9171
6.9180
6.9179
6.9182
6.9180
6.9185
6.9190
6.9199
6.9198
6.9206
6.9210
6.9209
6.9208
6.9221
6.9235
6.9238
6.9231
6.9232
6.9228
6.9232
6.9241
6.9243
6.9245
6.9237
6.9246
6.9244
6.9246
6.9252
6.9248
6.9243
6.9250
6.9252
6.9253
6.9254
6.9250
6.9250
6.9248
6.9248
6.9251
6.9252
6.9257
6.9254
6.9258
6.9258
6.9256
6.9259
6.9260
6.9262
6.9263
6.9268
6.9270
6.9274
6.9268
6.9266
6.9264
6.9268
6.9269
6.9272
6.9272
6.9275
6.9274
6.9279
6.9275
6.9276
6.9279
6.9278
6.9278
6.9274
6.9271
6.9270
6.9271
6.9274
6.9275
6.9276
6.9277
6.9276
6.9275
6.9273
6.9273
6.9272
6.9274
6.9272
6.9271
6.9268
6.9268
6.9268
6.9263
6.9259
6.9259
6.9258
6.9265
6.9262
6.9259
6.9257
6.9258
6.9258
6.9259
6.9260
6.9260
6.9258
6.9256
6.9255
6.9258
6.9258
6.9259
6.9260
6.9261
6.9263
6.9264
6.9266
6.9266
6.9267
6.9266
6.9267
6.9270
6.9274
6.9277
6.9276
6.9275
6.9274
6.9278
6.9276
6.9278
6.9275
6.9277
6.9275
6.9274
6.9273
6.9274
6.9272
6.9270
6.9270
6.9268
6.9270
6.9270
6.9272
6.9271
6.9271
6.9271
6.9273
6.9272
6.9269
6.9270
6.9268
6.9269
6.9268
6.9270
6.9271
6.9274
6.9273
6.9274
6.9277
6.9276
6.9273
6.9272
6.9271
6.9272
6.9274
6.9272
6.9281
6.9281
6.9281
6.9283

6.9556
6.9172
6.9025
6.9038
6.9011
6.9043
6.9304
6.9336
6.9486
6.9490
6.9460
6.9469
6.9416
6.9434
6.9418
6.9395
6.9384
6.9404
6.9411
6.9387
6.9360
6.9357
6.9354
6.9346
6.9338
6.9326
6.9334
6.9316
6.9312
6.9308
6.9318
6.9308
6.9302
6.9300
6.9300
6.9301
6.9309
6.9310
6.9311
6.9302
6.9308
6.9312
6.9311
6.9315
6.9311
6.9304
6.9292
6.9290
6.9303
6.9303
6.9305
6.9312
6.9311
6.9313
6.9306
6.9308
6.9305
6.9303
6.9299
6.9287
6.9281
6.9281
6.9287
6.9288
6.9289
6.9285
6.9285
6.9283
6.9280
6.9273
6.9277
6.9283
6.9277
6.9274
6.9274
6.9271
6.9275
6.9272
6.9271
6.9261
6.9263
6.9267
6.9272
6.9276
6.9273
6.9274
6.9274
6.9275
6.9270
6.9271
6.9270
6.9268
6.9270
6.9271
6.9273
6.9274
6.9280
6.9279
6.9278
6.9275
6.9284
6.9279
6.9279
6.9278
6.9278
6.9278
6.9286
6.9286
6.9290
6.9287
6.9288
6.9288
6.9283
6.9283
6.9280
6.9281
6.9280
6.9272
6.9272
6.9271
6.9269
6.9273
6.9273
6.9286
6.9293
6.9289
6.9289
6.9289
6.9286
6.9294
6.9294
6.9293
6.9294
6.9292
6.9293
6.9295
6.9293
6.9290
6.9290
6.9292
6.9292
6.9291
6.9290
6.9290
6.9290
6.9291
6.9292
6.9293
6.9296
6.9298
6.9295
6.9297
6.9298
6.9301
6.9299
6.9299
6.9299
6.9297
6.9298
6.9298
6.9299
6.9303
6.9303
6.9304
6.9304
6.9301
6.9298
6.9297
6.9295
6.9297
6.9295
6.9296
6.9297
6.9295
6.9296
6.9296
6.9296
6.9295
6.9298
6.9299
6.9295
6.9299
6.9300
6.9297
6.9297
6.9297
6.9294
6.9293
6.9292
6.9295
6.9297
6.9297
6.9298
6.9298
6.9300
6.9300
6.9299
6.9299
6.9300
6.9299

6.8856
6.9041
6.9084
6.9129
6.9181
6.9137
6.9158
6.9156
6.9179
6.9206
6.9201
6.9200
6.9202
6.9191
6.9186
6.9172
7.2973
7.7690
8.1548
8.1909
8.1304
8.0736
8.0218
7.9747
7.9335
7.8991
7.8684
7.8357
7.8045
7.7746
7.7452
7.7188
7.6941
7.6718
7.6491
7.6310
7.6123
7.5948
7.5774
7.5626
7.5470
7.5329
7.5183
7.5041
7.4901
7.4780
7.4668
7.4565
7.4451
7.4341
7.4762
7.6198
7.7378
7.7403
7.7259
7.7121
7.6983
7.6857
7.6734
7.6609
7.6495
7.6375
7.6267
7.6154
7.6052
7.5950
7.5849
7.5756
7.5664
7.5572
7.5486
7.5403
7.5315
7.5234
7.5157
7.5078
7.5012
7.4934
7.4864
7.4797
7.4733
7.4668
7.4601
7.4534
7.4470
7.4409
7.4352
7.4290
7.4230
7.4177
7.4129
7.4083
7.4032
7.3975
7.3930
7.3881
7.3838
7.3791
7.3743
7.3697
7.3660
7.3616
7.3574
7.3530
7.3486
7.3444
7.3408
7.3368
7.3329
7.3288
7.3253
7.3220
7.3185
7.3147
7.3114
7.3080
7.3047
7.3015
7.2982
7.2953
7.2922
7.2891
7.2862
7.2832
7.2806
7.2778
7.2750
7.2722
7.2696
7.2670
7.2650
7.2625
7.2602
7.2578
7.2551
7.2527
7.2501
7.2477
7.2452
7.2427
7.2404
7.2379
7.2356
7.2337
7.2316
7.2295
7.2275
7.2254
7.2238
7.2217
7.2197
7.2179
7.2162
7.2145
7.2125
7.2107
7.2087
7.2067
7.2053
7.2035
7.2020
7.2004
7.1987
7.1971
7.1956
7.1943
7.1927
7.1910
7.1893
7.1878
7.1863
7.1850
7.1833
7.1818
7.1806
7.1795
7.1779
7.1764
7.1753
7.1738
7.1725
7.1714
7.1699
7.1685
7.1671
7.1660
7.1645
7.1631
7.1615
7.1605
7.1592
7.1582
7.1572
7.1561
7.1550
7.1540
7.1530
7.1519
7.1510
7.1498
