
6.9101
6.9048
6.9155
6.9202
6.9245
6.9192
6.9189
6.9167
6.9165
6.9162
6.9160
6.9183
6.9189
6.9198
6.9220
6.9198
6.9180
6.9180
6.9180
6.9176
6.9162
6.9148
6.9161
6.9159
6.9153
6.9164
6.9156
6.9165
6.9164
6.9166
6.9169
6.9163
6.9158
6.9172
6.9165
6.9161
6.9155
6.9159
6.9151
6.9154
6.9151
6.9147
6.9149
6.9148
6.9145
6.9150
6.9153
6.9153
6.9151
6.9147
6.9149
6.9149
6.9151
6.9151
6.9147
6.9150
6.9150
6.9147
6.9150
6.9147
6.9150
6.9152
6.9150
6.9150
6.9153
6.9151
6.9152
6.9150
6.9148
6.9146
6.9148
6.9147
6.9144
6.9148
6.9147
6.9148
6.9147
6.9145
6.9148
6.9148
6.9146
6.9147
6.9149
6.9150
6.9150
6.9151
6.9153
6.9152
6.9151
6.9151
6.9152
6.9153
6.9153
6.9151
6.9147
6.9150
6.9152
6.9154
6.9152
6.9153
6.9155
6.9154
6.9155
6.9156
6.9158
6.9159
6.9157
6.9158
6.9159
6.9158
6.9159
6.9162
6.9160
6.9161
6.9161
6.9162
6.9160
6.9161
6.9162
6.9162
6.9160
6.9162
6.9163
6.9161
6.9160
6.9159
6.9158
6.9157
6.9156
6.9156
6.9155
6.9154
6.9151
6.9152
6.9155
6.9155
6.9152
6.9150
6.9149
6.9148
6.9150
6.9150
6.9151
6.9150
6.9150
6.9150
6.9150
6.9149
6.9150
6.9151
6.9150
6.9151
6.9150
6.9151
6.9152
6.9154
6.9154
6.9155
6.9153
6.9154
6.9154
6.9154
6.9152
6.9154
6.9154
6.9152
6.9154
6.9154
6.9152
6.9152
6.9153
6.9152
6.9152
6.9155
6.9157
6.9158
6.9158
6.9158
6.9158
6.9157
6.9156
6.9155
6.9155
6.9154
6.9155
6.9154
6.9153
6.9153
6.9152
6.9152
6.9153
6.9154
6.9153
6.9152
6.9152
6.9153
6.9154
6.9152
6.9150
6.9152
