
6.9556
6.9172
6.9025
6.9038
6.9011
6.9043
6.9304
6.9336
6.9486
6.9490
6.9460
6.9469
6.9416
6.9434
6.9418
6.9395
6.9384
6.9404
6.9411
6.9387
6.9360
6.9357
6.9354
6.9346
6.9338
6.9326
6.9334
6.9316
6.9312
6.9308
6.9318
6.9308
6.9302
6.9300
6.9300
6.9301
6.9309
6.9310
6.9311
6.9302
6.9308
6.9312
6.9311
6.9315
6.9311
6.9304
6.9292
6.9290
6.9303
6.9303
6.9305
6.9312
6.9311
6.9313
6.9306
6.9308
6.9305
6.9303
6.9299
6.9287
6.9281
6.9281
6.9287
6.9288
6.9289
6.9285
6.9285
6.9283
6.9280
6.9273
6.9277
6.9283
6.9277
6.9274
6.9274
6.9271
6.9275
6.9272
6.9271
6.9261
6.9263
6.9267
6.9272
6.9276
6.9273
6.9274
6.9274
6.9275
6.9270
6.9271
6.9270
6.9268
6.9270
6.9271
6.9273
6.9274
6.9280
6.9279
6.9278
6.9275
6.9284
6.9279
6.9279
6.9278
6.9278
6.9278
6.9286
6.9286
6.9290
6.9287
6.9288
6.9288
6.9283
6.9283
6.9280
6.9281
6.9280
6.9272
6.9272
6.9271
6.9269
6.9273
6.9273
6.9286
6.9293
6.9289
6.9289
6.9289
6.9286
6.9294
6.9294
6.9293
6.9294
6.9292
6.9293
6.9295
6.9293
6.9290
6.9290
6.9292
6.9292
6.9291
6.9290
6.9290
6.9290
6.9291
6.9292
6.9293
6.9296
6.9298
6.9295
6.9297
6.9298
6.9301
6.9299
6.9299
6.9299
6.9297
6.9298
6.9298
6.9299
6.9303
6.9303
6.9304
6.9304
6.9301
6.9298
6.9297
6.9295
6.9297
6.9295
6.9296
6.9297
6.9295
6.9296
6.9296
6.9296
6.9295
6.9298
6.9299
6.9295
6.9299
6.9300
6.9297
6.9297
6.9297
6.9294
6.9293
6.9292
6.9295
6.9297
6.9297
6.9298
6.9298
6.9300
6.9300
6.9299
6.9299
6.9300
6.9299
