
6.9003
6.9122
6.9083
6.9204
6.9323
6.9405
6.9369
6.9396
6.9443
6.9492
6.9490
6.9473
6.9437
6.9448
6.9462
6.9432
6.9437
6.9420
6.9395
6.9385
6.9383
6.9391
6.9377
6.9355
6.9339
6.9343
6.9343
6.9361
6.9360
6.9364
6.9361
6.9350
6.9352
6.9355
6.9361
6.9356
6.9350
6.9352
6.9351
6.9341
6.9338
6.9342
6.9350
6.9346
6.9341
6.9350
6.9332
6.9322
6.9321
6.9321
6.9330
6.9326
6.9326
6.9322
6.9319
6.9325
6.9324
6.9329
6.9332
6.9334
6.9339
6.9337
6.9334
6.9333
6.9327
6.9325
6.9321
6.9318
6.9314
6.9317
6.9316
6.9318
6.9320
6.9319
6.9316
6.9308
6.9307
6.9302
6.9301
6.9303
6.9310
6.9306
6.9308
6.9305
6.9305
6.9307
6.9303
6.9338
6.9409
6.9412
6.9414
6.9416
6.9410
6.9462
6.9466
6.9466
6.9464
6.9461
6.9461
6.9458
6.9452
6.9447
6.9447
6.9441
6.9438
6.9434
6.9433
6.9431
6.9426
6.9426
6.9437
6.9436
6.9433
6.9431
6.9428
6.9427
6.9428
6.9426
6.9424
6.9423
6.9420
6.9419
6.9416
6.9416
6.9412
6.9411
6.9408
6.9408
6.9410
6.9411
6.9411
6.9413
6.9416
6.9413
6.9411
6.9409
6.9407
6.9404
6.9404
6.9405
6.9401
6.9401
6.9398
6.9400
6.9400
6.9402
6.9400
6.9402
6.9401
6.9400
6.9399
6.9403
6.9401
6.9399
6.9400
6.9396
6.9390
6.9389
6.9388
6.9389
6.9390
6.9388
6.9386
6.9386
6.9388
6.9392
6.9390
6.9390
6.9388
6.9388
6.9385
6.9386
6.9387
6.9386
6.9385
6.9385
6.9388
6.9385
6.9386
6.9388
6.9387
6.9389
6.9387
6.9384
6.9383
6.9382
6.9380
6.9378
6.9378
6.9378
6.9377
6.9377
6.9375
6.9375
6.9375
6.9376
6.9376
6.9374
6.9371
6.9369
