
6.8856
6.9041
6.9084
6.9129
6.9181
6.9137
6.9158
6.9156
6.9179
6.9206
6.9201
6.9200
6.9202
6.9191
6.9186
6.9172
7.2973
7.7690
8.1548
8.1909
8.1304
8.0736
8.0218
7.9747
7.9335
7.8991
7.8684
7.8357
7.8045
7.7746
7.7452
7.7188
7.6941
7.6718
7.6491
7.6310
7.6123
7.5948
7.5774
7.5626
7.5470
7.5329
7.5183
7.5041
7.4901
7.4780
7.4668
7.4565
7.4451
7.4341
7.4762
7.6198
7.7378
7.7403
7.7259
7.7121
7.6983
7.6857
7.6734
7.6609
7.6495
7.6375
7.6267
7.6154
7.6052
7.5950
7.5849
7.5756
7.5664
7.5572
7.5486
7.5403
7.5315
7.5234
7.5157
7.5078
7.5012
7.4934
7.4864
7.4797
7.4733
7.4668
7.4601
7.4534
7.4470
7.4409
7.4352
7.4290
7.4230
7.4177
7.4129
7.4083
7.4032
7.3975
7.3930
7.3881
7.3838
7.3791
7.3743
7.3697
7.3660
7.3616
7.3574
7.3530
7.3486
7.3444
7.3408
7.3368
7.3329
7.3288
7.3253
7.3220
7.3185
7.3147
7.3114
7.3080
7.3047
7.3015
7.2982
7.2953
7.2922
7.2891
7.2862
7.2832
7.2806
7.2778
7.2750
7.2722
7.2696
7.2670
7.2650
7.2625
7.2602
7.2578
7.2551
7.2527
7.2501
7.2477
7.2452
7.2427
7.2404
7.2379
7.2356
7.2337
7.2316
7.2295
7.2275
7.2254
7.2238
7.2217
7.2197
7.2179
7.2162
7.2145
7.2125
7.2107
7.2087
7.2067
7.2053
7.2035
7.2020
7.2004
7.1987
7.1971
7.1956
7.1943
7.1927
7.1910
7.1893
7.1878
7.1863
7.1850
7.1833
7.1818
7.1806
7.1795
7.1779
7.1764
7.1753
7.1738
7.1725
7.1714
7.1699
7.1685
7.1671
7.1660
7.1645
7.1631
7.1615
7.1605
7.1592
7.1582
7.1572
7.1561
7.1550
7.1540
7.1530
7.1519
7.1510
7.1498
