
6.9079
6.9267
6.9088
6.9075
6.9127
6.9144
6.9160
6.9167
6.9180
6.9181
6.9179
6.9166
6.9166
6.9167
6.9200
6.9193
6.9183
6.9165
6.9169
6.9159
6.9152
6.9140
6.9143
6.9148
6.9150
6.9172
6.9169
6.9177
6.9176
6.9167
6.9169
6.9173
6.9174
6.9171
6.9174
6.9163
6.9157
6.9156
6.9151
6.9154
6.9161
6.9166
6.9162
6.9172
6.9173
6.9175
6.9181
6.9176
6.9179
6.9181
6.9180
6.9180
6.9180
6.9184
6.9185
6.9190
6.9190
6.9191
6.9191
6.9185
6.9189
6.9191
6.9190
6.9183
6.9188
6.9188
6.9187
6.9190
6.9189
6.9190
6.9191
6.9190
6.9186
6.9185
6.9182
6.9185
6.9183
6.9189
6.9186
6.9188
6.9187
6.9181
6.9176
6.9178
6.9181
6.9178
6.9173
6.9171
6.9174
6.9178
6.9178
6.9175
6.9176
6.9178
6.9177
6.9176
6.9177
6.9177
6.9178
6.9182
6.9181
6.9183
6.9185
6.9184
6.9182
6.9182
6.9181
6.9182
6.9183
6.9183
6.9180
6.9177
6.9178
6.9175
6.9177
6.9180
6.9178
6.9177
6.9181
6.9184
6.9185
6.9184
6.9185
6.9184
6.9183
6.9182
6.9187
6.9188
6.9189
6.9189
6.9191
6.9190
6.9189
6.9187
6.9185
6.9188
6.9189
6.9190
6.9188
6.9190
6.9190
6.9193
6.9192
6.9192
6.9193
6.9190
6.9189
6.9187
6.9187
6.9187
6.9189
6.9188
6.9188
6.9186
6.9186
6.9186
6.9187
6.9188
6.9188
6.9187
6.9187
6.9189
6.9187
6.9185
6.9185
6.9185
6.9187
6.9184
6.9186
6.9189
6.9188
6.9190
6.9190
6.9191
6.9191
6.9191
6.9191
6.9189
6.9189
6.9192
6.9190
6.9189
6.9191
6.9192
6.9194
6.9194
6.9197
6.9197
6.9199
6.9199
6.9201
6.9202
6.9204
6.9204
6.9203
6.9202
6.9201
6.9200
6.9200
6.9199
