
6.9155
6.9344
6.9327
6.9230
6.9242
6.9188
6.9231
6.9234
6.9189
6.9206
6.9186
6.9171
6.9173
6.9179
6.9167
6.9154
6.9135
6.9138
6.9145
6.9152
6.9150
6.9143
6.9149
6.9155
6.9165
6.9167
6.9157
6.9172
6.9168
6.9175
6.9179
6.9178
6.9184
6.9176
6.9182
6.9172
6.9179
6.9171
6.9180
6.9179
6.9182
6.9180
6.9185
6.9190
6.9199
6.9198
6.9206
6.9210
6.9209
6.9208
6.9221
6.9235
6.9238
6.9231
6.9232
6.9228
6.9232
6.9241
6.9243
6.9245
6.9237
6.9246
6.9244
6.9246
6.9252
6.9248
6.9243
6.9250
6.9252
6.9253
6.9254
6.9250
6.9250
6.9248
6.9248
6.9251
6.9252
6.9257
6.9254
6.9258
6.9258
6.9256
6.9259
6.9260
6.9262
6.9263
6.9268
6.9270
6.9274
6.9268
6.9266
6.9264
6.9268
6.9269
6.9272
6.9272
6.9275
6.9274
6.9279
6.9275
6.9276
6.9279
6.9278
6.9278
6.9274
6.9271
6.9270
6.9271
6.9274
6.9275
6.9276
6.9277
6.9276
6.9275
6.9273
6.9273
6.9272
6.9274
6.9272
6.9271
6.9268
6.9268
6.9268
6.9263
6.9259
6.9259
6.9258
6.9265
6.9262
6.9259
6.9257
6.9258
6.9258
6.9259
6.9260
6.9260
6.9258
6.9256
6.9255
6.9258
6.9258
6.9259
6.9260
6.9261
6.9263
6.9264
6.9266
6.9266
6.9267
6.9266
6.9267
6.9270
6.9274
6.9277
6.9276
6.9275
6.9274
6.9278
6.9276
6.9278
6.9275
6.9277
6.9275
6.9274
6.9273
6.9274
6.9272
6.9270
6.9270
6.9268
6.9270
6.9270
6.9272
6.9271
6.9271
6.9271
6.9273
6.9272
6.9269
6.9270
6.9268
6.9269
6.9268
6.9270
6.9271
6.9274
6.9273
6.9274
6.9277
6.9276
6.9273
6.9272
6.9271
6.9272
6.9274
6.9272
6.9281
6.9281
6.9281
6.9283
