
6.9050
6.9141
6.9108
6.9082
6.9096
6.9089
6.9106
6.9094
6.9088
6.9101
6.9080
6.9105
6.9095
6.9089
6.9101
6.9103
6.9090
6.9094
6.9097
6.9085
6.9081
6.9082
6.9075
6.9081
6.9080
6.9081
6.9080
6.9082
6.9085
6.9082
6.9085
6.9078
6.9080
6.9084
6.9085
6.9089
6.9089
6.9087
6.9088
6.9090
6.9095
6.9091
6.9091
6.9091
6.9091
6.9090
6.9087
6.9085
6.9082
6.9081
6.9077
6.9080
6.9085
6.9088
6.9091
6.9093
6.9094
6.9095
6.9093
6.9091
6.9090
6.9094
6.9092
6.9095
6.9095
6.9094
6.9096
6.9093
6.9093
6.9092
6.9092
6.9096
6.9094
6.9089
6.9087
6.9087
6.9085
6.9090
6.9091
6.9088
6.9091
6.9093
6.9092
6.9091
6.9092
6.9091
6.9092
6.9091
6.9096
6.9098
6.9102
6.9105
6.9103
6.9103
6.9103
6.9103
6.9104
6.9102
6.9100
6.9103
6.9103
6.9104
6.9107
6.9108
6.9108
6.9109
6.9108
6.9106
6.9110
6.9110
6.9109
6.9110
6.9109
6.9108
6.9109
6.9108
6.9108
6.9109
6.9110
6.9111
6.9112
6.9111
6.9108
6.9109
6.9109
6.9107
6.9109
6.9112
6.9113
6.9112
6.9113
6.9115
6.9114
6.9115
6.9118
6.9118
6.9117
6.9117
6.9117
6.9119
6.9120
6.9121
6.9119
6.9120
6.9117
6.9117
6.9120
6.9119
6.9119
6.9121
6.9121
6.9122
6.9121
6.9122
6.9125
6.9123
6.9126
6.9127
6.9128
6.9128
6.9127
6.9128
6.9130
6.9131
6.9132
6.9133
6.9134
6.9134
6.9133
6.9135
6.9136
6.9137
6.9138
6.9138
6.9137
6.9136
6.9136
6.9136
6.9136
6.9138
6.9138
6.9139
6.9138
6.9140
6.9137
6.9137
6.9137
6.9137
6.9136
6.9137
6.9137
6.9140
6.9140
6.9141
6.9141
6.9141
6.9142
6.9142
6.9143
6.9142
