
6.9256
6.9164
6.9156
6.9203
6.9140
6.9071
6.9106
6.9097
6.9101
6.9115
6.9135
6.9133
6.9124
6.9139
6.9093
6.9091
6.9098
6.9108
6.9120
6.9128
6.9150
6.9172
6.9197
6.9186
6.9205
6.9213
6.9216
6.9226
6.9231
6.9240
6.9237
6.9239
6.9233
6.9235
6.9222
6.9219
6.9220
6.9218
6.9225
6.9220
6.9227
6.9230
6.9222
6.9229
6.9229
6.9232
6.9232
6.9230
6.9232
6.9234
6.9232
6.9234
6.9234
6.9235
6.9241
6.9247
6.9242
6.9243
6.9238
6.9229
6.9232
6.9225
6.9218
6.9221
6.9220
6.9219
6.9221
6.9225
6.9226
6.9228
6.9226
6.9224
6.9227
6.9229
6.9229
6.9229
6.9228
6.9222
6.9226
6.9229
6.9228
6.9227
6.9234
6.9241
6.9243
6.9243
6.9244
6.9243
6.9244
6.9248
6.9244
6.9247
6.9250
6.9249
6.9249
6.9251
6.9253
6.9256
6.9252
6.9255
6.9254
6.9252
6.9252
6.9254
6.9256
6.9254
6.9255
6.9257
6.9258
6.9257
6.9255
6.9259
6.9261
6.9253
6.9276
6.9274
6.9274
6.9273
6.9272
6.9275
6.9273
6.9272
6.9272
6.9273
6.9272
6.9272
6.9276
6.9276
6.9275
6.9276
6.9275
6.9282
6.9282
6.9284
6.9283
6.9282
6.9281
6.9281
6.9279
6.9282
6.9285
6.9287
6.9287
6.9297
6.9297
6.9299
6.9297
6.9300
6.9297
6.9295
6.9295
6.9294
6.9298
6.9299
6.9297
6.9298
6.9295
6.9294
6.9293
6.9292
6.9291
6.9292
6.9293
6.9294
6.9294
6.9293
6.9291
6.9289
6.9291
6.9289
6.9289
6.9292
6.9293
6.9294
6.9290
6.9291
6.9290
6.9289
6.9289
6.9290
6.9291
6.9289
6.9290
6.9292
6.9291
6.9290
6.9291
6.9293
6.9293
6.9292
6.9290
6.9289
6.9288
6.9288
6.9292
6.9293
6.9293
6.9292
6.9291
6.9289
