
6.8875
6.8932
6.8915
6.8961
6.8993
6.9118
6.9040
6.9070
6.9123
6.9145
6.9141
6.9141
6.9172
6.9165
6.9170
6.9175
6.9168
6.9180
6.9169
6.9161
6.9160
6.9169
6.9169
6.9169
6.9181
6.9179
6.9179
6.9165
6.9163
6.9170
6.9154
6.9158
6.9158
6.9177
6.9178
6.9178
6.9187
6.9187
6.9190
6.9196
6.9185
6.9189
6.9188
6.9188
6.9197
6.9202
6.9204
6.9200
6.9208
6.9204
6.9213
6.9218
6.9223
6.9220
6.9228
6.9228
6.9223
6.9223
6.9230
6.9232
6.9234
6.9229
6.9228
6.9224
6.9223
6.9226
6.9228
6.9225
6.9219
6.9221
6.9225
6.9220
6.9221
6.9221
6.9219
6.9219
6.9219
6.9219
6.9221
6.9221
6.9221
6.9218
6.9223
6.9216
6.9213
6.9214
6.9210
6.9214
6.9213
6.9214
6.9216
6.9215
6.9217
6.9214
6.9213
6.9216
6.9212
6.9213
6.9215
6.9213
6.9215
6.9216
6.9215
6.9219
6.9221
6.9221
6.9223
6.9223
6.9221
6.9217
6.9215
6.9219
6.9221
6.9221
6.9219
6.9220
6.9215
6.9215
6.9216
6.9216
6.9214
6.9215
6.9214
6.9215
6.9218
6.9218
6.9214
6.9215
6.9215
6.9214
6.9214
6.9217
6.9219
6.9224
6.9225
6.9225
6.9224
6.9222
6.9223
6.9219
6.9221
6.9222
6.9223
6.9221
6.9222
6.9226
6.9228
6.9228
6.9228
6.9226
6.9227
6.9228
6.9227
6.9228
6.9227
6.9226
6.9223
6.9222
6.9221
6.9221
6.9221
6.9221
6.9219
6.9218
6.9219
6.9219
6.9221
6.9218
6.9217
6.9217
6.9218
6.9216
6.9218
6.9218
6.9219
6.9217
6.9219
6.9219
6.9222
6.9221
6.9221
6.9223
6.9222
6.9222
6.9223
6.9221
6.9221
6.9221
6.9223
6.9223
6.9222
6.9222
6.9224
6.9223
6.9226
6.9226
6.9226
6.9227
6.9226
6.9227
