
6.9686
6.9903
6.9601
6.9563
6.9599
6.9459
6.9298
6.9287
6.9288
6.9297
6.9295
6.9319
6.9264
6.9222
6.9221
6.9221
6.9214
6.9197
6.9196
6.9168
6.9147
6.9141
6.9167
6.9175
6.9167
6.9177
6.9194
6.9199
6.9167
6.9155
6.9191
6.9185
6.9178
6.9184
6.9178
6.9156
6.9167
6.9167
6.9164
6.9180
6.9180
6.9179
6.9198
6.9194
6.9203
6.9193
6.9181
6.9180
6.9172
6.9151
6.9139
6.9138
6.9131
6.9124
6.9124
6.9131
6.9126
6.9115
6.9117
6.9126
6.9128
6.9137
6.9116
6.9097
6.9096
6.9103
6.9103
6.9099
6.9104
6.9104
6.9097
6.9105
6.9103
6.9094
6.9100
6.9106
6.9105
6.9107
6.9098
6.9102
6.9095
6.9089
6.9091
6.9089
6.9094
6.9096
6.9097
6.9096
6.9089
6.9089
6.9098
6.9099
6.9094
6.9090
6.9085
6.9095
6.9101
6.9097
6.9095
6.9090
