
6.9404
6.9616
6.9700
6.9614
6.9588
6.9335
6.9302
6.9417
6.9470
6.9468
6.9536
6.9573
6.9574
6.9549
6.9565
6.9609
6.9592
6.9595
6.9585
6.9577
6.9545
6.9501
6.9452
6.9469
6.9486
6.9462
6.9458
6.9446
6.9442
6.9444
6.9436
6.9427
6.9427
6.9434
6.9443
6.9434
6.9431
6.9434
6.9418
6.9438
6.9436
6.9436
6.9447
6.9441
6.9447
6.9461
6.9448
6.9443
6.9439
6.9440
6.9423
6.9413
6.9412
6.9419
6.9416
6.9409
6.9416
6.9434
6.9429
6.9432
6.9433
6.9428
6.9452
6.9454
6.9451
6.9451
6.9457
6.9450
6.9453
6.9451
6.9448
6.9439
6.9433
6.9428
6.9434
6.9438
6.9438
6.9440
6.9434
6.9441
6.9440
6.9439
6.9443
6.9433
6.9427
6.9427
6.9417
6.9417
6.9418
6.9413
6.9408
6.9402
6.9409
6.9416
6.9420
6.9408
6.9414
6.9419
6.9409
6.9414
