
7.1244
7.1742
7.0997
7.0886
7.0807
7.0691
7.0476
7.0413
7.0541
7.0606
7.0607
7.0624
7.0712
7.0661
7.0686
7.0635
7.0676
7.0602
7.0571
7.0585
7.0589
7.0575
7.0579
7.0566
7.0511
7.0504
7.0517
7.0481
7.0451
7.0424
7.0375
7.0405
7.0393
7.0400
7.0400
7.0373
7.0404
7.0414
7.0427
7.0403
7.0407
7.0402
7.0384
7.0383
7.0371
7.0396
7.0407
7.0391
7.0392
7.0373
7.0342
7.0336
7.0359
7.0347
7.0340
7.0336
7.0328
7.0320
7.0345
7.0355
7.0371
7.0359
7.0382
7.0364
7.0361
7.0365
7.0361
7.0359
7.0359
7.0360
7.0356
7.0340
7.0329
7.0316
7.0321
7.0328
7.0321
7.0320
7.0327
7.0328
7.0325
7.0310
7.0300
7.0292
7.0298
7.0299
7.0292
7.0300
7.0302
7.0299
7.0306
7.0306
7.0310
7.0317
7.0308
7.0306
7.0314
7.0311
7.0304
7.0297
