
7.0012
6.9980
7.0008
6.9731
6.9650
6.9595
6.9673
6.9585
6.9647
6.9649
6.9602
6.9580
6.9530
6.9509
6.9497
6.9493
6.9484
6.9496
6.9536
6.9473
6.9524
6.9556
6.9528
6.9539
6.9524
6.9527
6.9493
6.9481
6.9478
6.9462
6.9488
6.9489
6.9506
6.9485
6.9476
6.9451
6.9447
6.9450
6.9451
6.9459
6.9427
6.9415
6.9401
6.9408
6.9415
6.9401
6.9389
6.9394
6.9398
6.9394
6.9401
6.9397
6.9391
6.9392
6.9394
6.9397
6.9397
6.9375
6.9376
6.9388
6.9399
6.9403
6.9395
6.9398
6.9411
6.9419
6.9436
6.9452
6.9449
6.9451
6.9456
6.9456
6.9464
6.9464
6.9467
6.9476
6.9468
6.9475
6.9487
6.9480
6.9474
6.9480
6.9480
6.9478
6.9464
6.9468
6.9467
6.9468
6.9465
6.9473
6.9471
6.9475
6.9471
6.9477
6.9471
6.9475
6.9473
6.9471
6.9470
6.9460
