
7.0304
7.0077
7.0037
7.0038
6.9920
7.0197
7.0054
7.0053
7.0061
7.0118
7.0168
7.0191
7.0169
7.0187
7.0173
7.0173
7.0147
7.0149
7.0118
7.0090
7.0119
7.0100
7.0130
7.0133
7.0151
7.0160
7.0141
7.0116
7.0108
7.0118
7.0141
7.0119
7.0113
7.0118
7.0118
7.0121
7.0105
7.0090
7.0071
7.0090
7.0099
7.0080
7.0059
7.0048
7.0046
7.0045
7.0036
7.0041
7.0055
7.0067
7.0065
7.0040
7.0035
7.0024
7.0030
7.0029
7.0038
7.0031
7.0035
7.0023
7.0026
7.0017
7.0010
7.0018
7.0013
7.0005
6.9997
6.9993
7.0002
7.0020
7.0015
7.0008
7.0021
7.0020
7.0017
7.0019
7.0011
7.0018
7.0014
7.0011
7.0003
7.0008
6.9997
7.0008
7.0001
7.0004
7.0005
6.9987
6.9980
6.9984
6.9979
6.9981
6.9978
6.9976
6.9984
6.9982
6.9987
6.9985
6.9978
6.9980
