
6.9091
6.8988
6.9325
6.9249
6.9139
6.9105
6.9253
6.9134
6.9175
6.9153
6.9163
6.9101
6.9123
6.9162
6.9153
6.9166
6.9122
6.9138
6.9135
6.9104
6.9091
6.9114
6.9058
6.9041
6.9064
6.9103
6.9121
6.9111
6.9073
6.9087
6.9109
6.9129
6.9150
6.9153
6.9135
6.9131
6.9134
6.9156
6.9180
6.9200
6.9190
6.9178
6.9179
6.9180
6.9170
6.9166
6.9161
6.9164
6.9154
6.9162
6.9149
6.9145
6.9150
6.9132
6.9138
6.9128
6.9129
6.9106
6.9113
6.9105
6.9089
6.9094
6.9088
6.9096
6.9087
6.9081
6.9079
6.9087
6.9093
6.9092
6.9076
6.9075
6.9064
6.9057
6.9065
6.9067
6.9081
6.9083
6.9092
6.9090
6.9078
6.9078
6.9086
6.9099
6.9092
6.9087
6.9079
6.9081
6.9077
6.9066
6.9062
6.9071
6.9068
6.9067
6.9064
6.9070
6.9071
6.9080
6.9086
6.9094
