
7.0094
6.9911
6.9610
6.9555
6.9502
6.9650
6.9567
6.9535
6.9506
6.9500
6.9501
6.9638
6.9609
6.9580
6.9646
6.9615
6.9636
6.9660
6.9687
6.9700
6.9726
6.9752
6.9760
6.9752
6.9768
6.9802
6.9791
6.9793
6.9813
6.9815
6.9778
6.9770
6.9785
6.9780
6.9781
6.9776
6.9743
6.9730
6.9722
6.9723
6.9725
6.9729
6.9742
6.9756
6.9754
6.9769
6.9751
6.9766
6.9756
6.9761
6.9756
6.9739
6.9737
6.9737
6.9719
6.9727
6.9705
6.9699
6.9698
6.9702
6.9702
6.9700
6.9706
6.9695
6.9692
6.9700
6.9706
6.9712
6.9719
6.9718
6.9728
6.9727
6.9734
6.9727
6.9729
6.9735
6.9741
6.9743
6.9752
6.9758
6.9759
6.9752
6.9768
6.9767
6.9765
6.9761
6.9760
6.9762
6.9760
6.9765
6.9754
6.9751
6.9742
6.9736
6.9738
6.9740
6.9738
6.9731
6.9742
6.9741
