
6.8927
6.9153
6.9150
6.9180
6.9242
6.9248
6.9239
6.9285
6.9272
6.9273
6.9238
6.9196
6.9184
6.9188
6.9134
6.9142
6.9164
6.9145
6.9153
6.9150
6.9162
6.9143
6.9134
6.9140
6.9134
6.9117
6.9129
6.9113
6.9086
6.9092
6.9083
6.9072
6.9079
6.9076
6.9091
6.9075
6.9093
6.9095
6.9086
6.9078
6.9093
6.9083
6.9063
6.9071
6.9061
6.9064
6.9082
6.9079
6.9092
6.9109
6.9094
6.9080
6.9066
6.9067
6.9065
6.9063
6.9066
6.9067
6.9056
6.9050
6.9057
6.9048
6.9049
6.9056
6.9058
6.9068
6.9062
6.9060
6.9052
6.9043
6.9048
6.9045
6.9044
6.9046
6.9043
6.9041
6.9047
6.9046
6.9047
6.9040
6.9038
6.9034
6.9035
6.9034
6.9033
6.9039
6.9034
6.9027
6.9013
6.9014
6.9015
6.9015
6.9009
6.9012
6.9010
6.9013
6.9020
6.9026
6.9024
6.9026
