
6.9471
6.9300
6.9461
6.9569
6.9604
6.9568
6.9559
6.9465
6.9369
6.9368
6.9395
6.9409
6.9433
6.9413
6.9415
6.9400
6.9395
6.9408
6.9420
6.9384
6.9383
6.9392
6.9371
6.9376
6.9353
6.9339
6.9341
6.9329
6.9341
6.9354
6.9339
6.9322
6.9306
6.9318
6.9316
6.9342
6.9346
6.9340
6.9347
6.9342
6.9336
6.9356
6.9348
6.9346
6.9345
6.9334
6.9319
6.9323
6.9314
6.9310
6.9330
6.9331
6.9331
6.9342
6.9348
6.9348
6.9347
6.9344
6.9351
6.9360
6.9351
6.9348
6.9331
6.9334
6.9347
6.9346
6.9347
6.9337
6.9331
6.9326
6.9325
6.9331
6.9332
6.9324
6.9324
6.9325
6.9329
6.9335
6.9337
6.9341
6.9334
6.9333
6.9343
6.9340
6.9336
6.9340
6.9342
6.9334
6.9327
6.9329
6.9317
6.9308
6.9306
6.9304
6.9300
6.9297
6.9303
6.9304
6.9307
6.9310
