
6.9120
6.9233
6.9083
6.8933
6.8940
6.8933
6.8966
6.9000
6.9006
6.9055
6.8993
6.9022
6.9036
6.9057
6.9090
6.9129
6.9180
6.9188
6.9160
6.9151
6.9183
6.9170
6.9183
6.9176
6.9186
6.9182
6.9188
6.9193
6.9206
6.9219
6.9209
6.9241
6.9236
6.9239
6.9236
6.9241
6.9252
6.9261
6.9259
6.9263
6.9251
6.9260
6.9252
6.9254
6.9256
6.9259
6.9273
6.9278
6.9282
6.9278
6.9266
6.9257
6.9262
6.9266
6.9243
6.9222
6.9219
6.9220
6.9216
6.9205
6.9200
6.9194
6.9201
6.9211
6.9228
6.9228
6.9232
6.9238
6.9237
6.9232
6.9225
6.9235
6.9225
6.9221
6.9223
6.9229
6.9238
6.9246
6.9251
6.9240
6.9235
6.9235
6.9231
6.9233
6.9241
6.9239
6.9231
6.9232
6.9237
6.9233
6.9236
6.9234
6.9231
6.9236
6.9235
6.9237
6.9229
6.9230
6.9224
6.9224
