
7.1325
7.1148
7.1389
7.1403
7.1126
7.1097
7.1160
7.1128
7.1036
7.1028
7.1051
7.0942
7.0832
7.0867
7.0969
7.1023
7.0977
7.0902
7.0876
7.0831
7.0830
7.0763
7.0748
7.0768
7.0752
7.0716
7.0721
7.0783
7.0794
7.0839
7.0792
7.0773
7.0768
7.0747
7.0739
7.0717
7.0751
7.0760
7.0739
7.0739
7.0754
7.0745
7.0697
7.0694
7.0655
7.0650
7.0633
7.0624
7.0640
7.0650
7.0658
7.0651
7.0647
7.0643
7.0612
7.0610
7.0586
7.0565
7.0558
7.0543
7.0524
7.0517
7.0504
7.0522
7.0518
7.0515
7.0543
7.0543
7.0552
7.0548
7.0542
7.0548
7.0555
7.0553
7.0551
7.0536
7.0535
7.0518
7.0529
7.0519
7.0523
7.0539
7.0530
7.0536
7.0529
7.0546
7.0549
7.0558
7.0564
7.0561
7.0563
7.0557
7.0559
7.0553
7.0552
7.0552
7.0546
7.0541
7.0552
7.0563
