
7.2135
7.2708
7.2555
7.2330
7.2346
7.2743
7.2653
7.2570
7.2656
7.2547
7.2376
7.2469
7.2554
7.2543
7.2504
7.2709
7.2742
7.2916
7.2811
7.2756
7.2615
7.2609
7.2528
7.2573
7.2630
7.2678
7.2683
7.2700
7.2769
7.2853
7.2839
7.2845
7.2896
7.2934
7.2916
7.2920
7.2951
7.2933
7.2877
7.2980
7.2972
7.3019
7.3019
7.3018
7.3013
7.2998
7.2967
7.2950
7.2940
7.2963
7.2993
7.2977
7.3005
7.3010
7.3000
7.2994
7.3000
7.3002
7.3011
7.3065
7.3064
7.3069
7.3075
7.3096
7.3120
7.3104
7.3124
7.3116
7.3104
7.3106
7.3107
7.3105
7.3134
7.3118
7.3123
7.3133
7.3113
7.3078
7.3082
7.3075
7.3072
7.3065
7.3042
7.3035
7.3038
7.3048
7.3048
7.3030
7.3023
7.3027
7.2995
7.3006
7.3009
7.3019
7.3016
7.3008
7.2996
7.2991
7.3009
7.3022
