
7.3516
7.1853
7.1868
7.1436
7.1331
7.0992
7.1022
7.1148
7.1131
7.1173
7.1265
7.1371
7.1307
7.1262
7.1281
7.1280
7.1176
7.1199
7.1089
7.1154
7.1114
7.1140
7.1187
7.1131
7.1126
7.1127
7.1121
7.1139
7.1149
7.1140
7.1167
7.1151
7.1158
7.1131
7.1106
7.1089
7.1112
7.1073
7.1056
7.1016
7.1007
7.1021
7.1029
7.1018
7.0996
7.1022
7.1016
7.1026
7.1079
7.1099
7.1080
7.1080
7.1045
7.1035
7.1030
7.1029
7.1039
7.1024
7.1030
7.1045
7.1044
7.1045
7.1027
7.1022
7.1018
7.1016
7.0999
7.1006
7.1013
7.1021
7.1004
7.1002
7.1003
7.0989
7.0968
7.0987
7.0974
7.0959
7.0958
7.0950
7.0932
7.0900
7.0881
7.0888
7.0886
7.0875
7.0857
7.0848
7.0846
7.0855
7.0849
7.0849
7.0844
7.0836
7.0843
7.0849
7.0850
7.0845
7.0840
7.0838
