
7.5604
7.6309
7.6516
7.6087
7.5929
7.5715
7.6004
7.6185
7.6121
7.6143
7.5987
7.5742
7.5807
7.5833
7.5807
7.5847
7.5834
7.5682
7.5681
7.5518
7.5414
7.5294
7.5204
7.5236
7.5181
7.5203
7.5221
7.5324
7.5282
7.5239
7.5335
7.5341
7.5312
7.5270
7.5223
7.5178
7.5177
7.5136
7.5141
7.5054
7.5068
7.5074
7.5038
7.5033
7.5018
7.5027
7.5023
7.5031
7.5043
7.5043
7.5036
7.4994
7.5006
7.4977
7.4947
7.4973
7.4953
7.4961
7.4962
7.4947
7.4964
7.4955
7.4947
7.4937
7.4912
7.4905
7.4890
7.4905
7.4904
7.4895
7.4885
7.4878
7.4867
7.4884
7.4872
7.4875
7.4840
7.4832
7.4833
7.4828
7.4825
7.4824
7.4774
7.4761
7.4737
7.4735
7.4725
7.4723
7.4727
7.4730
7.4726
7.4707
7.4712
7.4703
7.4674
7.4674
7.4681
7.4677
7.4685
7.4673
