
7.1072
7.1096
7.1025
7.0796
7.0703
7.0621
7.0546
7.0725
7.0663
7.0556
7.0589
7.0616
7.0635
7.0612
7.0586
7.0577
7.0544
7.0527
7.0551
7.0541
7.0507
7.0486
7.0530
7.0481
7.0466
7.0465
7.0429
7.0417
7.0407
7.0371
7.0374
7.0389
7.0379
7.0353
7.0333
7.0360
7.0333
7.0305
7.0299
7.0278
7.0261
7.0277
7.0278
7.0259
7.0237
7.0218
7.0230
7.0248
7.0238
7.0226
7.0227
7.0238
7.0222
7.0234
7.0245
7.0248
7.0262
7.0261
7.0260
7.0244
7.0224
7.0217
7.0224
7.0210
7.0201
7.0177
7.0166
7.0172
7.0178
7.0171
7.0155
7.0147
7.0144
7.0149
7.0151
7.0156
7.0153
7.0154
7.0143
7.0134
7.0129
7.0122
7.0114
7.0112
7.0108
7.0096
7.0083
7.0084
7.0086
7.0081
7.0087
7.0086
7.0080
7.0073
7.0078
7.0080
7.0080
7.0076
7.0085
7.0076
