
7.0236
7.1936
7.2161
7.1902
7.1869
7.1798
7.1835
7.1674
7.1682
7.1664
7.1651
7.1718
7.1783
7.1813
7.1872
7.1807
7.1818
7.1854
7.1745
7.1777
7.1808
7.1849
7.1878
7.1933
7.1929
7.1966
7.1976
7.2010
7.2043
7.2018
7.1956
7.1903
7.1908
7.1956
7.1911
7.1933
7.1949
7.1959
7.1909
7.1914
7.1889
7.1880
7.1878
7.1860
7.1865
7.1854
7.1848
7.1830
7.1835
7.1848
7.1847
7.1873
7.1914
7.1907
7.1885
7.1880
7.1866
7.1871
7.1883
7.1871
7.1861
7.1888
7.1882
7.1885
7.1850
7.1845
7.1842
7.1805
7.1828
7.1832
7.1832
7.1809
7.1824
7.1839
7.1839
7.1887
7.1884
7.1869
7.1894
7.1892
7.1888
7.1893
7.1879
7.1890
7.1893
7.1900
7.1912
7.1918
7.1904
7.1890
7.1905
7.1900
7.1890
7.1873
7.1862
7.1849
7.1854
7.1855
7.1857
7.1862
