
6.9424
6.9094
6.9606
6.9503
6.9614
6.9541
6.9472
6.9671
6.9661
6.9694
6.9668
6.9778
6.9775
6.9851
6.9849
6.9881
6.9865
6.9808
6.9792
6.9771
6.9734
6.9675
6.9683
6.9675
6.9690
6.9729
6.9707
6.9704
6.9779
6.9772
6.9800
6.9789
6.9833
6.9809
6.9788
6.9830
6.9810
6.9812
6.9806
6.9794
6.9793
6.9813
6.9808
6.9802
6.9828
6.9862
6.9864
6.9869
6.9864
6.9908
6.9926
6.9911
6.9909
6.9916
6.9925
6.9923
6.9907
6.9904
6.9918
6.9925
6.9913
6.9913
6.9907
6.9897
6.9890
6.9892
6.9878
6.9888
6.9888
6.9870
6.9881
6.9889
6.9884
6.9875
6.9861
6.9843
6.9847
6.9843
6.9854
6.9859
6.9855
6.9874
6.9882
6.9886
6.9879
6.9884
6.9876
6.9877
6.9877
6.9877
6.9863
6.9863
6.9863
6.9875
6.9872
6.9871
6.9872
6.9870
6.9873
6.9879
