
7.1155
7.1242
7.1469
7.1171
7.1116
7.1268
7.1298
7.1405
7.1316
7.1262
7.1323
7.1304
7.1229
7.1248
7.1114
7.1069
7.1098
7.1050
7.1081
7.1087
7.1050
7.1038
7.1112
7.1147
7.1112
7.1206
7.1264
7.1286
7.1266
7.1290
7.1329
7.1287
7.1300
7.1294
7.1225
7.1262
7.1240
7.1229
7.1201
7.1188
7.1175
7.1197
7.1215
7.1223
7.1235
7.1241
7.1223
7.1237
7.1229
7.1199
7.1227
7.1225
7.1220
7.1189
7.1184
7.1192
7.1194
7.1195
7.1177
7.1171
7.1161
7.1164
7.1206
7.1209
7.1201
7.1195
7.1194
7.1209
7.1206
7.1202
7.1196
7.1199
7.1205
7.1212
7.1221
7.1225
7.1226
7.1212
7.1225
7.1216
7.1238
7.1238
7.1234
7.1249
7.1270
7.1239
7.1252
7.1262
7.1274
7.1296
7.1296
7.1291
7.1295
7.1286
7.1292
7.1289
7.1292
7.1291
7.1277
7.1268
