
7.1921
7.2389
7.2307
7.2223
7.2464
7.2588
7.2564
7.2724
7.2753
7.2755
7.2676
7.2578
7.2537
7.2630
7.2595
7.2550
7.2508
7.2550
7.2556
7.2609
7.2583
7.2567
7.2496
7.2539
7.2558
7.2544
7.2648
7.2597
7.2563
7.2563
7.2595
7.2580
7.2573
7.2519
7.2495
7.2518
7.2516
7.2497
7.2455
7.2458
7.2458
7.2454
7.2508
7.2556
7.2556
7.2543
7.2508
7.2493
7.2529
7.2516
7.2545
7.2532
7.2526
7.2537
7.2521
7.2513
7.2531
7.2527
7.2577
7.2584
7.2584
7.2564
7.2571
7.2565
7.2526
7.2487
7.2497
7.2489
7.2485
7.2452
7.2428
7.2418
7.2411
7.2408
7.2387
7.2366
7.2362
7.2349
7.2349
7.2323
7.2325
7.2320
7.2297
7.2302
7.2298
7.2292
7.2277
7.2255
7.2266
7.2257
7.2251
7.2252
7.2255
7.2243
7.2225
7.2230
7.2235
7.2217
7.2211
7.2203
