
7.0572
7.1132
7.1411
7.1262
7.0892
7.0820
7.0757
7.0854
7.0767
7.0605
7.0597
7.0592
7.0636
7.0645
7.0584
7.0509
7.0533
7.0486
7.0471
7.0460
7.0460
7.0417
7.0436
7.0433
7.0415
7.0428
7.0426
7.0420
7.0414
7.0474
7.0471
7.0480
7.0475
7.0452
7.0446
7.0469
7.0458
7.0411
7.0417
7.0360
7.0368
7.0369
7.0372
7.0351
7.0351
7.0327
7.0333
7.0359
7.0337
7.0330
7.0331
7.0328
7.0309
7.0333
7.0312
7.0334
7.0328
7.0344
7.0336
7.0333
7.0304
7.0317
7.0303
7.0302
7.0308
7.0321
7.0322
7.0317
7.0341
7.0348
7.0356
7.0353
7.0350
7.0352
7.0337
7.0337
7.0324
7.0324
7.0313
7.0321
7.0312
7.0318
7.0309
7.0296
7.0285
7.0278
7.0279
7.0278
7.0271
7.0273
7.0274
7.0280
7.0278
7.0271
7.0265
7.0261
7.0279
7.0282
7.0282
7.0274
