7.7086
7.6812
7.6238
7.6251
7.5287
7.5031
7.5367
7.5599
7.5792
7.5447
7.5555
7.5500
7.5404
7.5300
7.5083
7.4897
7.4783
7.4771
7.4721
7.4911
7.4965
7.4875
7.4657
7.4730
7.4699
7.4723
7.4716
7.4616
7.4627
7.4571
7.4588
7.4576
7.4423
7.4434
7.4356
7.4268
7.4233
7.4238
7.4251
7.4205
7.4178
7.4127
7.4095
7.4023
7.4035
7.4008
7.3933
7.3928
7.3948
7.3927
7.3932
7.3981
7.3978
7.4003
7.4043
7.4045
7.4073
7.4040
7.4013
7.4018
7.3960
7.3955
7.3875
7.3834
7.3789
7.3751
7.3788
7.3772
7.3712
7.3688
7.3617
7.3584
7.3576
7.3549
7.3532
7.3472
7.3482
7.3444
7.3433
7.3398
7.3422
7.3412
7.3432
7.3417
7.3398
7.3370
7.3340
7.3356
7.3366
7.3373
7.3357
7.3362
7.3324
7.3297
7.3256
7.3231
7.3224
7.3202
7.3208
7.3182
7.2115
7.1539
7.2149
7.2518
7.2295
7.1959
7.2044
7.2215
7.2065
7.1876
7.2123
7.2113
7.1888
7.1894
7.1876
7.1955
7.1806
7.1754
7.1707
7.1744
7.1830
7.1794
7.1724
7.1624
7.1638
7.1712
7.1602
7.1615
7.1613
7.1636
7.1606
7.1692
7.1602
7.1627
7.1645
7.1653
7.1620
7.1642
7.1658
7.1650
7.1620
7.1618
7.1540
7.1491
7.1542
7.1503
7.1457
7.1473
7.1503
7.1492
7.1487
7.1456
7.1447
7.1412
7.1449
7.1446
7.1421
7.1395
7.1359
7.1357
7.1316
7.1283
7.1250
7.1271
7.1271
7.1296
7.1299
7.1305
7.1283
7.1284
7.1304
7.1306
7.1316
7.1339
7.1337
7.1332
7.1356
7.1375
7.1364
7.1353
7.1358
7.1347
7.1352
7.1340
7.1302
7.1303
7.1297
7.1287
7.1252
7.1245
7.1238
7.1233
7.1252
7.1264
7.1253
7.1213
7.1225
7.1218
7.1224
7.1211
7.2277
7.1420
7.0561
7.0783
7.0862
7.0512
7.0765
7.0839
7.0843
7.0879
7.0669
7.0731
7.0664
7.0687
7.0656
7.0616
7.0572
7.0527
7.0571
7.0460
7.0439
7.0545
7.0471
7.0397
7.0345
7.0290
7.0324
7.0280
7.0204
7.0200
7.0235
7.0218
7.0182
7.0171
7.0088
7.0140
7.0169
7.0146
7.0174
7.0184
7.0202
7.0228
7.0274
7.0227
7.0259
7.0356
7.0399
7.0385
7.0406
7.0395
7.0440
7.0459
7.0459
7.0476
7.0440
7.0408
7.0390
7.0366
7.0364
7.0351
7.0357
7.0361
7.0362
7.0353
7.0347
7.0401
7.0406
7.0412
7.0398
7.0395
7.0374
7.0369
7.0372
7.0353
7.0333
7.0295
7.0281
7.0289
7.0288
7.0315
7.0329
7.0342
7.0353
7.0375
7.0385
7.0365
7.0355
7.0352
7.0350
7.0359
7.0373
7.0371
7.0351
7.0348
7.0366
7.0359
7.0348
7.0362
7.0378
7.0380
6.9597
7.0243
7.0105
6.9924
7.0308
7.0192
7.0159
7.0076
7.0422
7.0357
7.0212
7.0318
7.0501
7.0543
7.0572
7.0685
7.0569
7.0560
7.0575
7.0601
7.0492
7.0470
7.0370
7.0411
7.0513
7.0438
7.0378
7.0412
7.0351
7.0334
7.0340
7.0345
7.0323
7.0267
7.0266
7.0239
7.0233
7.0202
7.0177
7.0187
7.0185
7.0190
7.0207
7.0215
7.0224
7.0245
7.0238
7.0236
7.0223
7.0237
7.0240
7.0242
7.0225
7.0233
7.0207
7.0210
7.0206
7.0191
7.0207
7.0187
7.0187
7.0139
7.0137
7.0175
7.0157
7.0180
7.0176
7.0199
7.0199
7.0168
7.0177
7.0162
7.0188
7.0171
7.0196
7.0189
7.0187
7.0194
7.0205
7.0212
7.0186
7.0183
7.0185
7.0191
7.0198
7.0206
7.0206
7.0174
7.0177
7.0177
7.0178
7.0171
7.0178
7.0173
7.0182
7.0167
7.0164
7.0162
7.0169
7.0184
6.8868
7.1019
7.0864
7.0828
7.0757
7.0405
7.0516
7.0591
7.0655
7.0677
7.0804
7.0745
7.0680
7.0622
7.0593
7.0524
7.0425
7.0435
7.0345
7.0362
7.0349
7.0344
7.0346
7.0274
7.0249
7.0249
7.0217
7.0257
7.0252
7.0258
7.0273
7.0296
7.0257
7.0243
7.0256
7.0226
7.0236
7.0271
7.0284
7.0300
7.0321
7.0309
7.0337
7.0347
7.0385
7.0341
7.0349
7.0349
7.0370
7.0363
7.0372
7.0401
7.0402
7.0412
7.0399
7.0412
7.0420
7.0437
7.0417
7.0420
7.0376
7.0352
7.0336
7.0311
7.0315
7.0314
7.0334
7.0312
7.0326
7.0344
7.0345
7.0339
7.0307
7.0294
7.0292
7.0284
7.0275
7.0287
7.0270
7.0234
7.0230
7.0234
7.0221
7.0231
7.0252
7.0241
7.0251
7.0247
7.0220
7.0210
7.0241
7.0265
7.0278
7.0291
7.0285
7.0294
7.0296
7.0306
7.0301
7.0312
7.0372
6.9765
7.0028
7.0349
7.0276
7.0470
7.0229
7.0169
7.0366
7.0321
7.0520
7.0453
7.0486
7.0454
7.0619
7.0521
7.0504
7.0568
7.0465
7.0330
7.0175
7.0193
7.0155
7.0174
7.0142
7.0166
7.0176
7.0192
7.0221
7.0197
7.0238
7.0239
7.0207
7.0220
7.0278
7.0261
7.0287
7.0298
7.0286
7.0209
7.0255
7.0301
7.0357
7.0364
7.0319
7.0308
7.0298
7.0347
7.0330
7.0351
7.0339
7.0343
7.0362
7.0357
7.0371
7.0328
7.0339
7.0328
7.0315
7.0272
7.0306
7.0338
7.0320
7.0339
7.0338
7.0329
7.0334
7.0361
7.0362
7.0350
7.0323
7.0320
7.0273
7.0297
7.0288
7.0313
7.0307
7.0344
7.0356
7.0339
7.0335
7.0318
7.0327
7.0334
7.0336
7.0330
7.0348
7.0341
7.0356
7.0369
7.0380
7.0376
7.0394
7.0390
7.0380
7.0388
7.0413
7.0392
7.0377
7.0391
7.1437
7.0333
7.0606
7.0106
7.0228
6.9995
7.0042
7.0202
7.0166
7.0326
7.0349
7.0218
7.0380
7.0538
7.0420
7.0281
7.0273
7.0137
7.0165
7.0173
7.0241
7.0236
7.0243
7.0247
7.0234
7.0293
7.0304
7.0315
7.0286
7.0298
7.0313
7.0332
7.0344
7.0334
7.0379
7.0385
7.0347
7.0346
7.0362
7.0310
7.0311
7.0339
7.0343
7.0363
7.0359
7.0375
7.0383
7.0357
7.0353
7.0387
7.0375
7.0407
7.0438
7.0442
7.0435
7.0438
7.0420
7.0381
7.0386
7.0363
7.0356
7.0361
7.0378
7.0374
7.0360
7.0344
7.0322
7.0340
7.0334
7.0342
7.0340
7.0353
7.0328
7.0341
7.0348
7.0371
7.0377
7.0387
7.0386
7.0400
7.0406
7.0388
7.0391
7.0368
7.0377
7.0360
7.0336
7.0347
7.0350
7.0359
7.0374
7.0367
7.0367
7.0379
7.0365
7.0377
7.0382
7.0395
7.0389
7.0391
7.1928
7.1912
7.1164
7.1718
7.1431
7.1017
7.1158
7.0982
7.1000
7.1209
7.1067
7.0887
7.0854
7.0817
7.0836
7.0805
7.0680
7.0680
7.0724
7.0717
7.0644
7.0679
7.0660
7.0795
7.0708
7.0665
7.0749
7.0650
7.0640
7.0688
7.0672
7.0638
7.0686
7.0618
7.0647
7.0690
7.0694
7.0653
7.0704
7.0667
7.0715
7.0734
7.0751
7.0764
7.0716
7.0675
7.0716
7.0667
7.0636
7.0636
7.0661
7.0651
7.0664
7.0657
7.0684
7.0708
7.0725
7.0726
7.0698
7.0707
7.0695
7.0655
7.0645
7.0612
7.0637
7.0658
7.0702
7.0711
7.0754
7.0775
7.0797
7.0806
7.0798
7.0774
7.0791
7.0779
7.0778
7.0793
7.0780
7.0775
7.0783
7.0767
7.0756
7.0762
7.0756
7.0786
7.0773
7.0769
7.0759
7.0758
7.0764
7.0778
7.0779
7.0777
7.0763
7.0777
7.0741
7.0737
7.0731
7.0730
7.1676
7.0995
7.1273
7.0663
7.0899
7.0612
7.0807
7.0732
7.0695
7.0711
7.0806
7.0799
7.0927
7.0844
7.0868
7.0818
7.0650
7.0662
7.0629
7.0656
7.0747
7.0716
7.0736
7.0698
7.0728
7.0750
7.0784
7.0866
7.0901
7.0994
7.1099
7.1062
7.1021
7.1001
7.0965
7.0975
7.1024
7.1062
7.1036
7.1008
7.1061
7.1024
7.1025
7.0961
7.0955
7.0923
7.0934
7.0966
7.0985
7.0927
7.0959
7.0919
7.0890
7.0887
7.0948
7.0933
7.0920
7.0930
7.0939
7.0949
7.0950
7.0949
7.0957
7.0945
7.0953
7.0977
7.0978
7.1004
7.0965
7.0963
7.0946
7.0917
7.0934
7.0899
7.0893
7.0865
7.0878
7.0898
7.0885
7.0896
7.0912
7.0929
7.0942
7.0963
7.0934
7.0944
7.0950
7.0955
7.0947
7.0985
7.0993
7.0980
7.0968
7.0961
7.0975
7.1003
7.0970
7.0962
7.0959
7.0954
7.1596
7.1970
7.1648
7.1520
7.1179
7.1246
7.1078
7.1354
7.1672
7.1521
7.1411
7.1106
7.0967
7.0838
7.0872
7.0915
7.1114
7.1161
7.1086
7.1029
7.0917
7.0983
7.0904
7.1028
7.1014
7.1101
7.1056
7.1097
7.1136
7.1197
7.1216
7.1190
7.1239
7.1244
7.1229
7.1233
7.1207
7.1226
7.1199
7.1142
7.1148
7.1156
7.1100
7.1163
7.1206
7.1171
7.1205
7.1232
7.1231
7.1221
7.1189
7.1217
7.1200
7.1170
7.1162
7.1168
7.1230
7.1244
7.1273
7.1300
7.1273
7.1264
7.1256
7.1250
7.1229
7.1217
7.1243
7.1215
7.1224
7.1197
7.1171
7.1184
7.1193
7.1207
7.1192
7.1155
7.1125
7.1128
7.1156
7.1153
7.1135
7.1165
7.1151
7.1135
7.1135
7.1144
7.1155
7.1148
7.1167
7.1138
7.1115
7.1125
7.1110
7.1119
7.1115
7.1117
7.1134
7.1134
7.1162
7.1169
