
7.1928
7.1912
7.1164
7.1718
7.1431
7.1017
7.1158
7.0982
7.1000
7.1209
7.1067
7.0887
7.0854
7.0817
7.0836
7.0805
7.0680
7.0680
7.0724
7.0717
7.0644
7.0679
7.0660
7.0795
7.0708
7.0665
7.0749
7.0650
7.0640
7.0688
7.0672
7.0638
7.0686
7.0618
7.0647
7.0690
7.0694
7.0653
7.0704
7.0667
7.0715
7.0734
7.0751
7.0764
7.0716
7.0675
7.0716
7.0667
7.0636
7.0636
7.0661
7.0651
7.0664
7.0657
7.0684
7.0708
7.0725
7.0726
7.0698
7.0707
7.0695
7.0655
7.0645
7.0612
7.0637
7.0658
7.0702
7.0711
7.0754
7.0775
7.0797
7.0806
7.0798
7.0774
7.0791
7.0779
7.0778
7.0793
7.0780
7.0775
7.0783
7.0767
7.0756
7.0762
7.0756
7.0786
7.0773
7.0769
7.0759
7.0758
7.0764
7.0778
7.0779
7.0777
7.0763
7.0777
7.0741
7.0737
7.0731
7.0730
