
7.2277
7.1420
7.0561
7.0783
7.0862
7.0512
7.0765
7.0839
7.0843
7.0879
7.0669
7.0731
7.0664
7.0687
7.0656
7.0616
7.0572
7.0527
7.0571
7.0460
7.0439
7.0545
7.0471
7.0397
7.0345
7.0290
7.0324
7.0280
7.0204
7.0200
7.0235
7.0218
7.0182
7.0171
7.0088
7.0140
7.0169
7.0146
7.0174
7.0184
7.0202
7.0228
7.0274
7.0227
7.0259
7.0356
7.0399
7.0385
7.0406
7.0395
7.0440
7.0459
7.0459
7.0476
7.0440
7.0408
7.0390
7.0366
7.0364
7.0351
7.0357
7.0361
7.0362
7.0353
7.0347
7.0401
7.0406
7.0412
7.0398
7.0395
7.0374
7.0369
7.0372
7.0353
7.0333
7.0295
7.0281
7.0289
7.0288
7.0315
7.0329
7.0342
7.0353
7.0375
7.0385
7.0365
7.0355
7.0352
7.0350
7.0359
7.0373
7.0371
7.0351
7.0348
7.0366
7.0359
7.0348
7.0362
7.0378
7.0380
