
7.1437
7.0333
7.0606
7.0106
7.0228
6.9995
7.0042
7.0202
7.0166
7.0326
7.0349
7.0218
7.0380
7.0538
7.0420
7.0281
7.0273
7.0137
7.0165
7.0173
7.0241
7.0236
7.0243
7.0247
7.0234
7.0293
7.0304
7.0315
7.0286
7.0298
7.0313
7.0332
7.0344
7.0334
7.0379
7.0385
7.0347
7.0346
7.0362
7.0310
7.0311
7.0339
7.0343
7.0363
7.0359
7.0375
7.0383
7.0357
7.0353
7.0387
7.0375
7.0407
7.0438
7.0442
7.0435
7.0438
7.0420
7.0381
7.0386
7.0363
7.0356
7.0361
7.0378
7.0374
7.0360
7.0344
7.0322
7.0340
7.0334
7.0342
7.0340
7.0353
7.0328
7.0341
7.0348
7.0371
7.0377
7.0387
7.0386
7.0400
7.0406
7.0388
7.0391
7.0368
7.0377
7.0360
7.0336
7.0347
7.0350
7.0359
7.0374
7.0367
7.0367
7.0379
7.0365
7.0377
7.0382
7.0395
7.0389
7.0391
