
6.8868
7.1019
7.0864
7.0828
7.0757
7.0405
7.0516
7.0591
7.0655
7.0677
7.0804
7.0745
7.0680
7.0622
7.0593
7.0524
7.0425
7.0435
7.0345
7.0362
7.0349
7.0344
7.0346
7.0274
7.0249
7.0249
7.0217
7.0257
7.0252
7.0258
7.0273
7.0296
7.0257
7.0243
7.0256
7.0226
7.0236
7.0271
7.0284
7.0300
7.0321
7.0309
7.0337
7.0347
7.0385
7.0341
7.0349
7.0349
7.0370
7.0363
7.0372
7.0401
7.0402
7.0412
7.0399
7.0412
7.0420
7.0437
7.0417
7.0420
7.0376
7.0352
7.0336
7.0311
7.0315
7.0314
7.0334
7.0312
7.0326
7.0344
7.0345
7.0339
7.0307
7.0294
7.0292
7.0284
7.0275
7.0287
7.0270
7.0234
7.0230
7.0234
7.0221
7.0231
7.0252
7.0241
7.0251
7.0247
7.0220
7.0210
7.0241
7.0265
7.0278
7.0291
7.0285
7.0294
7.0296
7.0306
7.0301
7.0312
