
7.1676
7.0995
7.1273
7.0663
7.0899
7.0612
7.0807
7.0732
7.0695
7.0711
7.0806
7.0799
7.0927
7.0844
7.0868
7.0818
7.0650
7.0662
7.0629
7.0656
7.0747
7.0716
7.0736
7.0698
7.0728
7.0750
7.0784
7.0866
7.0901
7.0994
7.1099
7.1062
7.1021
7.1001
7.0965
7.0975
7.1024
7.1062
7.1036
7.1008
7.1061
7.1024
7.1025
7.0961
7.0955
7.0923
7.0934
7.0966
7.0985
7.0927
7.0959
7.0919
7.0890
7.0887
7.0948
7.0933
7.0920
7.0930
7.0939
7.0949
7.0950
7.0949
7.0957
7.0945
7.0953
7.0977
7.0978
7.1004
7.0965
7.0963
7.0946
7.0917
7.0934
7.0899
7.0893
7.0865
7.0878
7.0898
7.0885
7.0896
7.0912
7.0929
7.0942
7.0963
7.0934
7.0944
7.0950
7.0955
7.0947
7.0985
7.0993
7.0980
7.0968
7.0961
7.0975
7.1003
7.0970
7.0962
7.0959
7.0954
