
7.1596
7.1970
7.1648
7.1520
7.1179
7.1246
7.1078
7.1354
7.1672
7.1521
7.1411
7.1106
7.0967
7.0838
7.0872
7.0915
7.1114
7.1161
7.1086
7.1029
7.0917
7.0983
7.0904
7.1028
7.1014
7.1101
7.1056
7.1097
7.1136
7.1197
7.1216
7.1190
7.1239
7.1244
7.1229
7.1233
7.1207
7.1226
7.1199
7.1142
7.1148
7.1156
7.1100
7.1163
7.1206
7.1171
7.1205
7.1232
7.1231
7.1221
7.1189
7.1217
7.1200
7.1170
7.1162
7.1168
7.1230
7.1244
7.1273
7.1300
7.1273
7.1264
7.1256
7.1250
7.1229
7.1217
7.1243
7.1215
7.1224
7.1197
7.1171
7.1184
7.1193
7.1207
7.1192
7.1155
7.1125
7.1128
7.1156
7.1153
7.1135
7.1165
7.1151
7.1135
7.1135
7.1144
7.1155
7.1148
7.1167
7.1138
7.1115
7.1125
7.1110
7.1119
7.1115
7.1117
7.1134
7.1134
7.1162
7.1169
