
7.7086
7.6812
7.6238
7.6251
7.5287
7.5031
7.5367
7.5599
7.5792
7.5447
7.5555
7.5500
7.5404
7.5300
7.5083
7.4897
7.4783
7.4771
7.4721
7.4911
7.4965
7.4875
7.4657
7.4730
7.4699
7.4723
7.4716
7.4616
7.4627
7.4571
7.4588
7.4576
7.4423
7.4434
7.4356
7.4268
7.4233
7.4238
7.4251
7.4205
7.4178
7.4127
7.4095
7.4023
7.4035
7.4008
7.3933
7.3928
7.3948
7.3927
7.3932
7.3981
7.3978
7.4003
7.4043
7.4045
7.4073
7.4040
7.4013
7.4018
7.3960
7.3955
7.3875
7.3834
7.3789
7.3751
7.3788
7.3772
7.3712
7.3688
7.3617
7.3584
7.3576
7.3549
7.3532
7.3472
7.3482
7.3444
7.3433
7.3398
7.3422
7.3412
7.3432
7.3417
7.3398
7.3370
7.3340
7.3356
7.3366
7.3373
7.3357
7.3362
7.3324
7.3297
7.3256
7.3231
7.3224
7.3202
7.3208
7.3182
