
7.0372
6.9765
7.0028
7.0349
7.0276
7.0470
7.0229
7.0169
7.0366
7.0321
7.0520
7.0453
7.0486
7.0454
7.0619
7.0521
7.0504
7.0568
7.0465
7.0330
7.0175
7.0193
7.0155
7.0174
7.0142
7.0166
7.0176
7.0192
7.0221
7.0197
7.0238
7.0239
7.0207
7.0220
7.0278
7.0261
7.0287
7.0298
7.0286
7.0209
7.0255
7.0301
7.0357
7.0364
7.0319
7.0308
7.0298
7.0347
7.0330
7.0351
7.0339
7.0343
7.0362
7.0357
7.0371
7.0328
7.0339
7.0328
7.0315
7.0272
7.0306
7.0338
7.0320
7.0339
7.0338
7.0329
7.0334
7.0361
7.0362
7.0350
7.0323
7.0320
7.0273
7.0297
7.0288
7.0313
7.0307
7.0344
7.0356
7.0339
7.0335
7.0318
7.0327
7.0334
7.0336
7.0330
7.0348
7.0341
7.0356
7.0369
7.0380
7.0376
7.0394
7.0390
7.0380
7.0388
7.0413
7.0392
7.0377
7.0391
