
7.2115
7.1539
7.2149
7.2518
7.2295
7.1959
7.2044
7.2215
7.2065
7.1876
7.2123
7.2113
7.1888
7.1894
7.1876
7.1955
7.1806
7.1754
7.1707
7.1744
7.1830
7.1794
7.1724
7.1624
7.1638
7.1712
7.1602
7.1615
7.1613
7.1636
7.1606
7.1692
7.1602
7.1627
7.1645
7.1653
7.1620
7.1642
7.1658
7.1650
7.1620
7.1618
7.1540
7.1491
7.1542
7.1503
7.1457
7.1473
7.1503
7.1492
7.1487
7.1456
7.1447
7.1412
7.1449
7.1446
7.1421
7.1395
7.1359
7.1357
7.1316
7.1283
7.1250
7.1271
7.1271
7.1296
7.1299
7.1305
7.1283
7.1284
7.1304
7.1306
7.1316
7.1339
7.1337
7.1332
7.1356
7.1375
7.1364
7.1353
7.1358
7.1347
7.1352
7.1340
7.1302
7.1303
7.1297
7.1287
7.1252
7.1245
7.1238
7.1233
7.1252
7.1264
7.1253
7.1213
7.1225
7.1218
7.1224
7.1211
