
6.9597
7.0243
7.0105
6.9924
7.0308
7.0192
7.0159
7.0076
7.0422
7.0357
7.0212
7.0318
7.0501
7.0543
7.0572
7.0685
7.0569
7.0560
7.0575
7.0601
7.0492
7.0470
7.0370
7.0411
7.0513
7.0438
7.0378
7.0412
7.0351
7.0334
7.0340
7.0345
7.0323
7.0267
7.0266
7.0239
7.0233
7.0202
7.0177
7.0187
7.0185
7.0190
7.0207
7.0215
7.0224
7.0245
7.0238
7.0236
7.0223
7.0237
7.0240
7.0242
7.0225
7.0233
7.0207
7.0210
7.0206
7.0191
7.0207
7.0187
7.0187
7.0139
7.0137
7.0175
7.0157
7.0180
7.0176
7.0199
7.0199
7.0168
7.0177
7.0162
7.0188
7.0171
7.0196
7.0189
7.0187
7.0194
7.0205
7.0212
7.0186
7.0183
7.0185
7.0191
7.0198
7.0206
7.0206
7.0174
7.0177
7.0177
7.0178
7.0171
7.0178
7.0173
7.0182
7.0167
7.0164
7.0162
7.0169
7.0184
