
7.1149
7.2601
7.0314
7.0508
7.0085
7.0340
7.0289
7.0367
7.0430
7.0485
7.0548
7.0514
7.0719
7.0690
7.0602
7.0592
7.0393
7.0353
7.0467
7.0458
7.0345
7.0208
7.0137
7.0105
7.0133
7.0252
7.0275
7.0233
7.0233
7.0238
7.0279
7.0313
7.0391
7.0345
7.0376
7.0341
7.0325
7.0384
7.0364
7.0361
7.0393
7.0374
7.0398
7.0376
7.0378
7.0370
7.0446
7.0453
7.0471
7.0472
7.0493
7.0460
7.0506
7.0533
7.0511
7.0468
7.0415
7.0456
7.0453
7.0439
7.0332
7.0336
7.0300
7.0326
7.0300
7.0338
7.0392
7.0389
7.0438
7.0445
7.0470
7.0480
7.0507
7.0488
7.0472
7.0521
7.0501
7.0496
7.0477
7.0490
7.0481
7.0515
7.0501
7.0509
7.0502
7.0485
7.0436
7.0439
7.0397
7.0395
7.0400
7.0409
7.0416
7.0422
7.0399
7.0390
7.0384
7.0384
7.0367
7.0366
