
7.0311
6.8979
6.8800
6.8473
6.9031
6.9171
6.9330
6.9401
6.9532
6.9458
6.9526
6.9528
6.9612
6.9553
6.9390
6.9484
6.9494
6.9564
6.9509
6.9695
6.9718
6.9811
6.9744
6.9835
6.9824
6.9957
6.9982
7.0045
7.0078
7.0039
7.0107
7.0120
7.0070
7.0190
7.0235
7.0222
7.0263
7.0220
7.0227
7.0149
7.0149
7.0159
7.0186
7.0194
7.0166
7.0162
7.0171
7.0164
7.0173
7.0177
7.0211
7.0257
7.0274
7.0326
7.0310
7.0297
7.0246
7.0244
7.0240
7.0286
7.0275
7.0226
7.0236
7.0245
7.0236
7.0200
7.0229
7.0250
7.0226
7.0237
7.0246
7.0225
7.0234
7.0219
7.0185
7.0189
7.0192
7.0203
7.0201
7.0213
7.0195
7.0183
7.0198
7.0201
7.0210
7.0200
7.0223
7.0199
7.0166
7.0158
7.0170
7.0186
7.0174
7.0178
7.0153
7.0164
7.0204
7.0227
7.0233
7.0233
