
6.9914
6.9195
6.9274
6.9318
7.0005
7.0323
7.0487
7.0689
7.0378
7.0092
7.0277
7.0164
7.0419
7.0325
7.0299
7.0260
7.0310
7.0265
7.0290
7.0237
7.0219
7.0120
7.0137
7.0152
7.0092
7.0202
7.0196
7.0124
7.0152
7.0158
7.0170
7.0149
7.0169
7.0146
7.0134
7.0118
7.0170
7.0186
7.0249
7.0210
7.0188
7.0229
7.0176
7.0149
7.0147
7.0182
7.0216
7.0243
7.0238
7.0216
7.0147
7.0125
7.0100
7.0133
7.0182
7.0197
7.0202
7.0148
7.0161
7.0232
7.0284
7.0250
7.0214
7.0266
7.0272
7.0305
7.0340
7.0330
7.0328
7.0301
7.0299
7.0298
7.0281
7.0318
7.0329
7.0315
7.0311
7.0311
7.0308
7.0300
7.0314
7.0297
7.0275
7.0247
7.0255
7.0252
7.0266
7.0250
7.0244
7.0266
7.0278
7.0282
7.0306
7.0312
7.0343
7.0321
7.0311
7.0296
7.0291
7.0281
