
7.3406
7.2129
7.2127
7.2117
7.2285
7.1775
7.1062
7.0988
7.1072
7.0974
7.0603
7.0658
7.0589
7.0331
7.0356
7.0321
7.0387
7.0492
7.0439
7.0357
7.0470
7.0439
7.0405
7.0280
7.0304
7.0331
7.0279
7.0324
7.0319
7.0350
7.0393
7.0414
7.0452
7.0461
7.0486
7.0537
7.0535
7.0528
7.0467
7.0457
7.0428
7.0411
7.0419
7.0353
7.0375
7.0364
7.0344
7.0296
7.0351
7.0384
7.0322
7.0247
7.0337
7.0333
7.0333
7.0326
7.0265
7.0300
7.0311
7.0306
7.0318
7.0336
7.0416
7.0440
7.0412
7.0381
7.0368
7.0350
7.0369
7.0341
7.0348
7.0321
7.0294
7.0281
7.0281
7.0300
7.0273
7.0299
7.0294
7.0319
7.0327
7.0335
7.0328
7.0328
7.0322
7.0285
7.0288
7.0306
7.0290
7.0287
7.0269
7.0261
7.0239
7.0255
7.0263
7.0317
7.0287
7.0292
7.0247
7.0261
