
6.9377
7.1003
6.9622
7.0079
7.0104
6.9924
7.0139
7.0178
7.0085
6.9877
7.0023
6.9906
7.0012
6.9995
7.0001
7.0152
7.0240
7.0337
7.0332
7.0278
7.0377
7.0564
7.0568
7.0673
7.0569
7.0459
7.0512
7.0541
7.0652
7.0592
7.0563
7.0588
7.0667
7.0591
7.0586
7.0584
7.0562
7.0499
7.0484
7.0473
7.0510
7.0431
7.0419
7.0398
7.0382
7.0407
7.0389
7.0436
7.0389
7.0431
7.0493
7.0460
7.0492
7.0515
7.0463
7.0503
7.0549
7.0573
7.0576
7.0577
7.0531
7.0544
7.0602
7.0610
7.0563
7.0564
7.0549
7.0532
7.0524
7.0519
7.0534
7.0478
7.0440
7.0450
7.0450
7.0432
7.0461
7.0452
7.0450
7.0458
7.0475
7.0470
7.0458
7.0456
7.0463
7.0474
7.0444
7.0482
7.0468
7.0460
7.0454
7.0426
7.0403
7.0432
7.0455
7.0444
7.0458
7.0440
7.0441
7.0424
