
7.0118
6.8877
6.9416
6.9518
6.9679
7.0110
6.9742
6.9366
6.9329
6.9129
6.9265
6.9186
6.9273
6.9379
6.9579
6.9748
6.9749
6.9687
6.9669
6.9724
6.9697
6.9693
6.9583
6.9412
6.9510
6.9532
6.9539
6.9395
6.9492
6.9576
6.9658
6.9625
6.9719
6.9667
6.9734
6.9694
6.9707
6.9773
6.9815
6.9846
6.9855
6.9896
6.9872
6.9893
6.9920
6.9928
7.0000
7.0027
7.0065
7.0137
7.0168
7.0176
7.0188
7.0184
7.0209
7.0201
7.0165
7.0195
7.0149
7.0165
7.0193
7.0248
7.0250
7.0227
7.0246
7.0289
7.0279
7.0274
7.0277
7.0261
7.0207
7.0191
7.0194
7.0209
7.0208
7.0197
7.0186
7.0191
7.0230
7.0237
7.0273
7.0289
7.0310
7.0308
7.0319
7.0325
7.0338
7.0334
7.0362
7.0372
7.0381
7.0389
7.0350
7.0360
7.0336
7.0320
7.0307
7.0323
7.0301
7.0272
