
7.0289
7.1313
7.0383
7.0421
6.9527
6.9467
6.9292
6.9331
6.9125
6.9416
6.9464
6.9287
6.9372
6.9389
6.9316
6.9294
6.9498
6.9516
6.9524
6.9680
6.9720
6.9878
6.9987
6.9949
6.9974
6.9932
6.9949
6.9932
6.9960
6.9968
6.9956
7.0002
7.0022
7.0036
7.0056
7.0072
7.0069
7.0115
7.0088
7.0113
7.0144
7.0172
7.0264
7.0238
7.0282
7.0287
7.0278
7.0282
7.0194
7.0197
7.0238
7.0300
7.0353
7.0396
7.0434
7.0439
7.0442
7.0382
7.0427
7.0429
7.0445
7.0410
7.0450
7.0435
7.0385
7.0338
7.0305
7.0293
7.0307
7.0276
7.0266
7.0243
7.0217
7.0193
7.0203
7.0211
7.0215
7.0224
7.0217
7.0223
7.0250
7.0266
7.0255
7.0273
7.0290
7.0304
7.0291
7.0290
7.0275
7.0293
7.0274
7.0233
7.0261
7.0275
7.0253
7.0266
7.0252
7.0250
7.0258
7.0260
