
6.9046
7.0572
6.9662
7.0025
7.0089
7.0361
7.0090
7.0412
7.0001
6.9963
7.0016
7.0167
7.0187
7.0033
7.0021
6.9944
6.9851
6.9813
6.9900
6.9951
7.0023
7.0026
7.0007
7.0000
6.9882
6.9906
6.9931
6.9880
6.9901
6.9966
6.9847
6.9901
6.9885
6.9926
6.9915
6.9902
6.9894
6.9893
6.9880
6.9940
6.9976
6.9973
6.9967
6.9946
6.9939
6.9867
6.9908
6.9945
7.0056
7.0058
7.0071
7.0055
7.0030
7.0025
7.0109
7.0041
7.0006
7.0036
7.0000
6.9996
6.9990
6.9993
6.9991
7.0003
7.0018
6.9989
6.9968
6.9949
6.9947
6.9936
6.9925
6.9916
6.9920
6.9934
6.9934
6.9929
6.9955
6.9935
6.9967
6.9977
6.9998
7.0013
7.0027
7.0028
7.0031
7.0028
7.0017
7.0042
7.0056
7.0043
7.0040
7.0041
7.0043
7.0033
7.0019
7.0029
7.0016
7.0023
7.0016
7.0036
