
7.2054
7.0872
7.0684
7.0780
7.0471
7.0325
7.0217
6.9815
6.9829
7.0063
7.0188
7.0302
7.0204
7.0474
7.0490
7.0558
7.0570
7.0713
7.0787
7.0853
7.0794
7.0842
7.0767
7.0694
7.0858
7.0853
7.0939
7.0923
7.0774
7.0759
7.0640
7.0611
7.0541
7.0566
7.0500
7.0533
7.0526
7.0523
7.0561
7.0497
7.0522
7.0531
7.0562
7.0624
7.0549
7.0494
7.0486
7.0461
7.0523
7.0540
7.0598
7.0623
7.0615
7.0687
7.0694
7.0682
7.0660
7.0670
7.0726
7.0743
7.0755
7.0735
7.0707
7.0724
7.0761
7.0747
7.0704
7.0697
7.0705
7.0697
7.0686
7.0673
7.0631
7.0612
7.0609
7.0608
7.0620
7.0627
7.0615
7.0592
7.0562
7.0569
7.0558
7.0563
7.0624
7.0633
7.0665
7.0669
7.0660
7.0657
7.0635
7.0635
7.0606
7.0612
7.0574
7.0574
7.0565
7.0557
7.0557
7.0565
