
6.9268
6.8692
6.8942
6.9031
6.9594
6.9579
6.9992
6.9854
6.9773
6.9964
7.0151
7.0291
7.0204
7.0069
7.0104
7.0224
7.0371
7.0379
7.0244
7.0329
7.0312
7.0360
7.0261
7.0301
7.0386
7.0349
7.0411
7.0441
7.0437
7.0451
7.0417
7.0434
7.0496
7.0474
7.0490
7.0458
7.0490
7.0511
7.0542
7.0497
7.0479
7.0458
7.0457
7.0472
7.0514
7.0538
7.0515
7.0538
7.0498
7.0472
7.0458
7.0452
7.0432
7.0396
7.0442
7.0410
7.0347
7.0302
7.0297
7.0331
7.0305
7.0285
7.0339
7.0318
7.0362
7.0357
7.0377
7.0404
7.0438
7.0467
7.0476
7.0470
7.0425
7.0384
7.0365
7.0363
7.0363
7.0395
7.0370
7.0410
7.0428
7.0382
7.0370
7.0410
7.0371
7.0408
7.0402
7.0396
7.0420
7.0412
7.0376
7.0346
7.0322
7.0323
7.0309
7.0319
7.0328
7.0319
7.0357
7.0358
