
7.0399
7.0409
7.0079
7.0048
7.0032
7.0231
7.0280
7.0314
7.0262
7.0200
7.0205
7.0254
7.0242
7.0207
7.0196
7.0204
7.0188
7.0119
7.0096
7.0067
7.0072
7.0052
7.0082
7.0088
7.0073
7.0062
7.0077
7.0048
7.0038
7.0039
7.0038
7.0068
7.0070
7.0062
7.0060
7.0044
7.0057
7.0041
7.0039
7.0029
7.0043
7.0038
7.0039
7.0038
7.0015
7.0031
7.0031
7.0055
7.0062
7.0057
7.0050
7.0045
7.0044
7.0051
7.0058
7.0055
7.0062
7.0055
7.0043
7.0022
7.0031
7.0030
7.0029
7.0028
7.0029
7.0008
7.0017
7.0015
7.0028
7.0026
7.0007
6.9987
6.9986
6.9987
6.9988
6.9991
6.9978
6.9987
6.9976
6.9983
6.9978
6.9981
6.9968
6.9971
6.9961
6.9964
6.9963
6.9960
6.9957
6.9941
6.9932
6.9934
6.9915
6.9904
6.9908
6.9901
6.9895
6.9894
6.9894
6.9894
