
7.1361
7.1078
7.0915
7.0357
7.0444
7.0585
7.0566
7.0880
7.0898
7.0771
7.0644
7.0575
7.0484
7.0457
7.0424
7.0461
7.0373
7.0583
7.0504
7.0553
7.0513
7.0550
7.0582
7.0592
7.0565
7.0485
7.0482
7.0433
7.0405
7.0383
7.0365
7.0381
7.0403
7.0401
7.0394
7.0396
7.0403
7.0400
7.0369
7.0372
7.0361
7.0342
7.0328
7.0329
7.0307
7.0253
7.0218
7.0198
7.0197
7.0213
7.0207
7.0197
7.0196
7.0170
7.0170
7.0170
7.0170
7.0145
7.0123
7.0120
7.0102
7.0099
7.0105
7.0075
7.0063
7.0043
7.0028
7.0003
6.9988
6.9974
6.9972
6.9959
6.9956
6.9951
6.9936
6.9938
6.9938
6.9936
6.9928
6.9923
6.9909
6.9917
6.9928
6.9918
6.9925
6.9913
6.9912
6.9897
6.9890
6.9880
6.9866
6.9867
6.9846
6.9838
6.9824
6.9821
6.9805
6.9806
6.9800
6.9800
