
6.9432
6.8499
6.8185
6.8273
6.8451
6.8429
6.8407
6.8251
6.8122
6.8078
6.8026
6.8094
6.8119
6.8117
6.8034
6.8058
6.8089
6.8072
6.8123
6.8117
6.8097
6.8019
6.8074
6.8050
6.8046
6.8068
6.8089
6.8059
6.8042
6.8057
6.8076
6.8119
6.8131
6.8135
6.8101
6.8117
6.8142
6.8128
6.8104
6.8104
6.8122
6.8115
6.8112
6.8080
6.8061
6.8069
6.8064
6.8051
6.8057
6.8023
6.8035
6.8030
6.8017
6.7991
6.7992
6.7971
6.7969
6.7947
6.7945
6.7950
6.7960
6.7952
6.7959
6.7944
6.7955
6.7964
6.7957
6.7973
6.7955
6.7959
6.7965
6.7952
6.7956
6.7966
6.7965
6.7971
6.7969
6.7983
6.7955
6.7950
6.7945
6.7930
6.7929
6.7920
6.7911
6.7913
6.7902
6.7894
6.7871
6.7870
6.7859
6.7856
6.7855
6.7866
6.7861
6.7862
6.7864
6.7869
6.7851
6.7850
