
7.3655
7.2567
7.1834
7.0972
7.1328
7.1498
7.1623
7.1587
7.1485
7.1669
7.1729
7.1632
7.1724
7.1571
7.1576
7.1578
7.1587
7.1524
7.1534
7.1561
7.1488
7.1552
7.1546
7.1481
7.1440
7.1388
7.1357
7.1259
7.1242
7.1285
7.1240
7.1264
7.1289
7.1328
7.1295
7.1269
7.1255
7.1297
7.1283
7.1259
7.1257
7.1231
7.1220
7.1213
7.1168
7.1221
7.1221
7.1220
7.1190
7.1215
7.1205
7.1243
7.1192
7.1242
7.1226
7.1224
7.1270
7.1287
7.1273
7.1258
7.1276
7.1298
7.1313
7.1292
7.1321
7.1366
7.1369
7.1380
7.1382
7.1385
7.1375
7.1383
7.1399
7.1402
7.1385
7.1353
7.1332
7.1350
7.1339
7.1338
7.1350
7.1356
7.1368
7.1349
7.1359
7.1365
7.1378
7.1367
7.1373
7.1381
7.1374
7.1355
7.1345
7.1339
7.1330
7.1321
7.1315
7.1315
7.1323
7.1298
