
6.8283
6.7805
6.7912
6.7736
6.7599
6.7662
6.7766
6.7503
6.7668
6.7600
6.7485
6.7467
6.7479
6.7445
6.7313
6.7323
6.7350
6.7423
6.7389
6.7374
6.7331
6.7253
6.7304
6.7333
6.7366
6.7354
6.7352
6.7349
6.7381
6.7397
6.7450
6.7514
6.7526
6.7497
6.7504
6.7496
6.7484
6.7438
6.7448
6.7441
6.7480
6.7451
6.7433
6.7429
6.7404
6.7408
6.7420
6.7398
6.7388
6.7375
6.7375
6.7357
6.7359
6.7343
6.7348
6.7376
6.7378
6.7393
6.7403
6.7406
6.7395
6.7379
6.7384
6.7370
6.7368
6.7381
6.7381
6.7380
6.7386
6.7371
6.7359
6.7354
6.7351
6.7372
6.7362
6.7353
6.7350
6.7333
6.7325
6.7322
6.7327
6.7305
6.7310
6.7311
6.7311
6.7302
6.7316
6.7323
6.7326
6.7323
6.7329
6.7313
6.7306
6.7321
6.7318
6.7316
6.7329
6.7333
6.7322
6.7319
