
6.7040
6.7036
6.7742
6.7658
6.7712
6.7478
6.7577
6.7416
6.7250
6.7348
6.7286
6.7280
6.7263
6.7215
6.7218
6.7289
6.7207
6.7201
6.7201
6.7164
6.7233
6.7266
6.7241
6.7244
6.7244
6.7239
6.7190
6.7151
6.7141
6.7171
6.7146
6.7132
6.7148
6.7139
6.7130
6.7084
6.7112
6.7105
6.7090
6.7083
6.7110
6.7101
6.7080
6.7050
6.7057
6.7010
6.6996
6.6988
6.6974
6.6963
6.6993
6.6997
6.7016
6.7003
6.6974
6.6958
6.6936
6.6933
6.6940
6.6915
6.6910
6.6894
6.6874
6.6872
6.6879
6.6887
6.6883
6.6855
6.6852
6.6859
6.6855
6.6854
6.6841
6.6828
6.6822
6.6829
6.6853
6.6835
6.6817
6.6829
6.6834
6.6829
6.6801
6.6799
6.6806
6.6818
6.6833
6.6817
6.6815
6.6817
6.6822
6.6830
6.6822
6.6832
6.6826
6.6843
6.6843
6.6845
6.6860
6.6854
