
6.8167
6.8277
6.7626
6.7347
6.7320
6.7299
6.7623
6.7518
6.7541
6.7576
6.7567
6.7638
6.7535
6.7448
6.7496
6.7615
6.7628
6.7712
6.7692
6.7689
6.7713
6.7725
6.7709
6.7685
6.7680
6.7691
6.7694
6.7645
6.7610
6.7562
6.7533
6.7524
6.7517
6.7513
6.7510
6.7571
6.7563
6.7588
6.7559
6.7535
6.7523
6.7526
6.7525
6.7525
6.7508
6.7512
6.7477
6.7489
6.7454
6.7492
6.7497
6.7471
6.7463
6.7475
6.7476
6.7497
6.7477
6.7473
6.7461
6.7467
6.7462
6.7434
6.7434
6.7442
6.7448
6.7451
6.7449
6.7446
6.7445
6.7463
6.7466
6.7458
6.7443
6.7433
6.7439
6.7430
6.7453
6.7469
6.7484
6.7500
6.7488
6.7474
6.7472
6.7471
6.7477
6.7480
6.7473
6.7480
6.7469
6.7468
6.7473
6.7473
6.7472
6.7469
6.7461
6.7467
6.7463
6.7450
6.7453
6.7454
