
6.7295
6.8057
6.8501
6.8586
6.8769
6.8816
6.8863
6.8907
6.8890
6.8911
6.8918
6.8995
6.9032
6.9079
6.9102
6.9138
6.9082
6.9031
6.9008
6.9004
6.8979
6.8977
6.9041
6.9048
6.9053
6.9061
6.9082
6.9083
6.9067
6.9079
6.9071
6.9069
6.9067
6.9076
6.9076
6.9063
6.9058
6.9048
6.9076
6.9080
6.9067
6.9066
6.9074
6.9082
6.9075
6.9072
6.9056
6.9051
6.9034
6.9030
6.9031
6.9033
6.9008
6.9006
6.9013
6.9008
6.9018
6.9014
6.9004
6.8994
6.8992
6.8996
6.8995
6.8986
6.8976
6.8981
6.8971
6.8964
6.8959
6.8969
6.8952
6.8941
6.8942
6.8938
6.8933
6.8936
6.8934
6.8935
6.8939
6.8944
6.8934
6.8932
6.8928
6.8929
6.8930
6.8913
6.8899
6.8896
6.8896
6.8890
6.8886
6.8882
6.8875
6.8866
6.8863
6.8856
6.8862
6.8856
6.8844
6.8835
