
7.0207
6.9937
7.0032
7.0200
7.0058
6.9922
6.9869
6.9832
6.9784
6.9734
6.9654
6.9593
6.9686
6.9673
6.9680
6.9653
6.9681
6.9683
6.9705
6.9661
6.9673
6.9659
6.9668
6.9692
6.9683
6.9666
6.9671
6.9688
6.9695
6.9703
6.9701
6.9693
6.9707
6.9717
6.9727
6.9724
6.9704
6.9702
6.9692
6.9684
6.9704
6.9705
6.9699
6.9702
6.9692
6.9646
6.9668
6.9693
6.9696
6.9691
6.9704
6.9736
6.9750
6.9746
6.9754
6.9769
6.9787
6.9769
6.9760
6.9767
6.9794
6.9817
6.9823
6.9825
6.9797
6.9813
6.9831
6.9829
6.9801
6.9827
6.9815
6.9818
6.9829
6.9839
6.9864
6.9884
6.9878
6.9896
6.9898
6.9905
6.9901
6.9904
6.9896
6.9917
6.9908
6.9919
6.9933
6.9940
6.9946
6.9968
6.9959
6.9972
6.9980
6.9973
6.9984
6.9997
7.0011
7.0039
7.0047
7.0075
