
6.7695
6.7693
6.7941
6.7948
6.8009
6.7897
6.8063
6.8048
6.8179
6.8260
6.8234
6.8211
6.8187
6.8216
6.8244
6.8301
6.8299
6.8289
6.8340
6.8314
6.8293
6.8260
6.8302
6.8320
6.8332
6.8327
6.8275
6.8255
6.8243
6.8243
6.8256
6.8249
6.8256
6.8231
6.8197
6.8201
6.8201
6.8224
6.8191
6.8202
6.8207
6.8206
6.8217
6.8226
6.8257
6.8243
6.8230
6.8214
6.8209
6.8195
6.8212
6.8193
6.8188
6.8176
6.8188
6.8201
6.8199
6.8208
6.8214
6.8221
6.8213
6.8209
6.8194
6.8179
6.8171
6.8170
6.8155
6.8144
6.8140
6.8149
6.8137
6.8124
6.8129
6.8125
6.8126
6.8130
6.8147
6.8144
6.8145
6.8154
6.8176
6.8172
6.8180
6.8189
6.8189
6.8181
6.8179
6.8175
6.8177
6.8201
6.8201
6.8213
6.8208
6.8190
6.8192
6.8202
6.8202
6.8208
6.8209
6.8199
