7.6418
7.4569
7.4249
7.4993
7.4925
7.4950
7.4590
7.4448
7.4424
7.4376
7.4268
7.4261
7.4085
7.4157
7.4166
7.4119
7.3946
7.3907
7.3688
7.3804
7.3891
7.3944
7.3926
7.3886
7.3852
7.3866
7.3828
7.3739
7.3699
7.3652
7.3662
7.3677
7.3660
7.3662
7.3590
7.3559
7.3551
7.3453
7.3432
7.3400
7.3376
7.3283
7.3279
7.3233
7.3188
7.3152
7.3119
7.3086
7.3048
7.3053
7.3026
7.3025
7.3014
7.2974
7.2974
7.2976
7.2952
7.2945
7.2939
7.2930
7.2926
7.2931
7.2941
7.2910
7.2905
7.2923
7.2900
7.2893
7.2912
7.2858
7.2858
7.2861
7.2875
7.2889
7.2886
7.2880
7.2887
7.2888
7.2896
7.2909
7.2899
7.2899
7.2932
7.2941
7.2973
7.2989
7.3034
7.3035
7.3043
7.3057
7.3092
7.3084
7.3105
7.3137
7.3126
7.3135
7.3149
7.3160
7.3169
7.3177
7.6899
7.5865
7.5760
7.4785
7.5178
7.5596
7.5350
7.5300
7.5170
7.5082
7.5109
7.5108
7.5229
7.5070
7.5037
7.4872
7.4954
7.4969
7.5246
7.5430
7.5485
7.5577
7.5606
7.5603
7.5730
7.5815
7.5961
7.5992
7.5907
7.5788
7.5698
7.5714
7.5673
7.5705
7.5652
7.5706
7.5661
7.5650
7.5727
7.5818
7.5765
7.5756
7.5744
7.5785
7.5837
7.5928
7.5958
7.5998
7.6058
7.6074
7.6064
7.6107
7.6134
7.6165
7.6217
7.6235
7.6238
7.6298
7.6397
7.6462
7.6505
7.6527
7.6555
7.6605
7.6587
7.6658
7.6742
7.6771
7.6780
7.6796
7.6811
7.6751
7.6740
7.6729
7.6774
7.6764
7.6792
7.6757
7.6750
7.6802
7.6785
7.6827
7.6799
7.6811
7.6798
7.6818
7.6803
7.6830
7.6871
7.6820
7.6832
7.6872
7.6900
7.6913
7.6937
7.6934
7.6933
7.6980
7.6949
7.6953
7.8311
7.8288
7.7665
7.8478
7.8505
7.8616
7.9280
7.9530
8.0062
7.9831
7.9562
7.9906
8.0002
8.0060
7.9894
7.9740
8.0121
8.0020
7.9929
8.0072
8.0109
8.0071
8.0018
8.0068
8.0036
8.0062
8.0232
8.0120
8.0097
8.0055
8.0103
8.0070
8.0119
8.0025
8.0036
7.9922
7.9909
7.9873
7.9780
7.9704
7.9652
7.9618
7.9671
7.9651
7.9647
7.9574
7.9575
7.9545
7.9510
7.9507
7.9456
7.9446
7.9393
7.9419
7.9406
7.9388
7.9354
7.9296
7.9235
7.9244
7.9270
7.9251
7.9292
7.9268
7.9226
7.9225
7.9193
7.9152
7.9128
7.9091
7.9087
7.9065
7.9054
7.9015
7.8980
7.8955
7.8999
7.8983
7.8947
7.8910
7.8869
7.8852
7.8819
7.8801
7.8767
7.8763
7.8726
7.8694
7.8679
7.8676
7.8657
7.8624
7.8603
7.8575
7.8558
7.8529
7.8515
7.8486
7.8466
7.8453
7.5764
7.7294
7.7377
7.7171
7.7599
7.7654
7.7335
7.7718
7.7518
7.7515
7.7514
7.7511
7.7718
7.7767
7.7654
7.7675
7.7663
7.7780
7.7882
7.7809
7.7709
7.7690
7.7610
7.7533
7.7521
7.7528
7.7469
7.7411
7.7411
7.7368
7.7315
7.7294
7.7295
7.7249
7.7254
7.7223
7.7184
7.7144
7.7109
7.7071
7.7073
7.7044
7.7016
7.6983
7.6958
7.6976
7.6970
7.6974
7.6949
7.6924
7.6994
7.6997
7.6977
7.6956
7.6972
7.6949
7.6924
7.6930
7.6910
7.6956
7.6948
7.6929
7.6933
7.6913
7.6897
7.6907
7.6914
7.6905
7.6888
7.6879
7.6863
7.6873
7.6868
7.6850
7.6836
7.6822
7.6810
7.6797
7.6807
7.6789
7.6777
7.6772
7.6758
7.6785
7.6740
7.6728
7.6718
7.6704
7.6690
7.6680
7.6677
7.6668
7.6656
7.6645
7.6651
7.6640
7.6637
7.6625
7.6616
7.6606
7.5757
7.6580
7.6340
7.6202
7.6220
7.6135
7.6070
7.6017
7.5987
7.5947
7.6027
7.6126
7.6105
7.6085
7.6061
7.6029
7.5999
7.5991
7.5981
7.5967
7.5953
7.5946
7.6021
7.6010
7.6098
7.6079
7.6075
7.6065
7.6052
7.6085
7.6073
7.6073
7.6064
7.6057
7.6049
7.6035
7.6024
7.6019
7.6011
7.6001
7.5996
7.5984
7.6020
7.6015
7.6013
7.6003
7.6008
7.6035
7.6034
7.6022
7.6023
7.6044
7.6033
7.6023
7.6018
7.6018
7.6008
7.6006
7.6001
7.5999
7.5993
7.5987
7.5990
7.5986
7.5981
7.5978
7.5974
7.5972
7.5970
7.5958
7.5958
7.5957
7.5953
7.5972
7.5972
7.5967
7.5961
7.5959
7.5959
7.5997
7.5994
7.6013
7.6007
7.6004
7.5996
7.5991
7.6006
7.6003
7.5997
7.5993
7.5990
7.5988
7.6001
7.6000
7.5997
7.5993
7.5994
7.5995
7.5992
7.5989
7.5759
7.5760
7.6344
7.6256
7.6161
7.6127
7.6059
7.5963
7.5968
7.5988
7.5999
7.5985
7.5960
7.5951
7.5939
7.5914
7.5903
7.5919
7.5914
7.5914
7.5928
7.5927
7.5921
7.5896
7.5961
7.5944
7.5935
7.5924
7.5912
7.5915
7.5914
7.5915
7.5910
7.5902
7.5897
7.5934
7.5937
7.5941
7.5931
7.5932
7.5922
7.5913
7.5957
7.5991
7.5984
7.5977
7.5963
7.5955
7.5952
7.5950
7.5952
7.5958
7.5948
7.5945
7.5955
7.5948
7.5948
7.5944
7.5937
7.5936
7.5928
7.5926
7.5919
7.5913
7.5916
7.5918
7.5914
7.5910
7.5910
7.5909
7.5910
7.5906
7.5923
7.5921
7.5918
7.5937
7.5934
7.5934
7.5957
7.5956
7.5958
7.5956
7.5957
7.5954
7.5953
7.5951
7.5951
7.5946
7.5947
7.5948
7.5943
7.5979
7.6027
7.6031
7.6048
7.6095
7.6144
7.6166
7.6167
7.6171
8.1202
7.8466
7.7720
7.7758
7.7312
7.7075
7.6931
7.6783
7.6673
7.6682
7.6569
7.6634
7.6572
7.6516
7.6487
7.6491
7.6460
7.6432
7.6385
7.6374
7.6410
7.6399
7.6382
7.6441
7.6512
7.6495
7.6470
7.6494
7.6469
7.6459
7.6539
7.6577
7.6569
7.6584
7.6570
7.6635
7.6616
7.6666
7.6639
7.6637
7.6704
7.6691
7.6708
7.6698
7.6693
7.6681
7.6657
7.6633
7.6633
7.6654
7.6641
7.6623
7.6615
7.6654
7.6688
7.6728
7.6745
7.6726
7.6711
7.6694
7.6707
7.6704
7.6721
7.6701
7.6686
7.6670
7.6663
7.6646
7.6631
7.6614
7.6609
7.6602
7.6638
7.6630
7.6622
7.6609
7.6602
7.6593
7.6592
7.6580
7.6572
7.6566
7.6560
7.6555
7.6565
7.6563
7.6590
7.6584
7.6598
7.6601
7.6594
7.6628
7.6615
7.6609
7.6637
7.6627
7.6615
7.6618
7.6616
7.6623
7.6353
7.6843
7.6532
7.6379
7.6217
7.6112
7.6250
7.6408
7.6437
7.6590
7.6538
7.6532
7.6484
7.6430
7.6483
7.6484
7.6479
7.6456
7.6409
7.6392
7.6381
7.6366
7.6338
7.6311
7.6297
7.6289
7.6300
7.6295
7.6280
7.6276
7.6243
7.6229
7.6227
7.6225
7.6197
7.6218
7.6222
7.6247
7.6250
7.6271
7.6269
7.6279
7.6274
7.6288
7.6279
7.6278
7.6303
7.6290
7.6274
7.6324
7.6321
7.6313
7.6310
7.6312
7.6315
7.6304
7.6301
7.6289
7.6275
7.6267
7.6279
7.6282
7.6284
7.6286
7.6282
7.6292
7.6277
7.6273
7.6265
7.6258
7.6265
7.6293
7.6297
7.6288
7.6292
7.6283
7.6283
7.6281
7.6279
7.6273
7.6278
7.6272
7.6272
7.6266
7.6274
7.6274
7.6278
7.6279
7.6303
7.6298
7.6285
7.6287
7.6285
7.6288
7.6280
7.6276
7.6270
7.6285
7.6288
7.6296
7.5526
7.6504
7.6910
7.6504
7.6856
7.6771
7.6960
7.6800
7.6822
7.6707
7.6661
7.6658
7.6652
7.6658
7.6609
7.6577
7.6561
7.6516
7.6463
7.6407
7.6378
7.6392
7.6380
7.6431
7.6435
7.6420
7.6432
7.6428
7.6402
7.6389
7.6382
7.6411
7.6405
7.6430
7.6413
7.6405
7.6400
7.6453
7.6450
7.6448
7.6462
7.6456
7.6474
7.6470
7.6474
7.6479
7.6504
7.6495
7.6481
7.6470
7.6458
7.6482
7.6477
7.6481
7.6480
7.6503
7.6487
7.6481
7.6468
7.6451
7.6443
7.6444
7.6440
7.6432
7.6433
7.6427
7.6423
7.6419
7.6420
7.6418
7.6423
7.6423
7.6417
7.6408
7.6400
7.6399
7.6415
7.6435
7.6426
7.6424
7.6429
7.6423
7.6422
7.6416
7.6409
7.6406
7.6405
7.6406
7.6401
7.6403
7.6398
7.6397
7.6394
7.6390
7.6389
7.6391
7.6388
7.6381
7.6395
7.6391
7.7854
7.7999
7.7203
7.6978
7.6265
7.6213
7.6352
7.6321
7.6263
7.6184
7.6342
7.6467
7.6441
7.6438
7.6395
7.6408
7.6405
7.6386
7.6376
7.6478
7.6455
7.6432
7.6438
7.6448
7.6453
7.6433
7.6416
7.6393
7.6450
7.6431
7.6412
7.6406
7.6448
7.6418
7.6471
7.6479
7.6495
7.6484
7.6470
7.6461
7.6471
7.6444
7.6427
7.6427
7.6425
7.6451
7.6441
7.6467
7.6469
7.6462
7.6466
7.6468
7.6447
7.6479
7.6487
7.6477
7.6471
7.6505
7.6505
7.6509
7.6511
7.6564
7.6562
7.6557
7.6593
7.6621
7.6625
7.6611
7.6628
7.6619
7.6643
7.6636
7.6631
7.6619
7.6620
7.6625
7.6617
7.6613
7.6614
7.6620
7.6611
7.6622
7.6621
7.6615
7.6612
7.6634
7.6627
7.6657
7.6669
7.6667
7.6665
7.6658
7.6691
7.6675
7.6675
7.6670
7.6667
7.6672
7.6700
7.6703
