
7.5764
7.7294
7.7377
7.7171
7.7599
7.7654
7.7335
7.7718
7.7518
7.7515
7.7514
7.7511
7.7718
7.7767
7.7654
7.7675
7.7663
7.7780
7.7882
7.7809
7.7709
7.7690
7.7610
7.7533
7.7521
7.7528
7.7469
7.7411
7.7411
7.7368
7.7315
7.7294
7.7295
7.7249
7.7254
7.7223
7.7184
7.7144
7.7109
7.7071
7.7073
7.7044
7.7016
7.6983
7.6958
7.6976
7.6970
7.6974
7.6949
7.6924
7.6994
7.6997
7.6977
7.6956
7.6972
7.6949
7.6924
7.6930
7.6910
7.6956
7.6948
7.6929
7.6933
7.6913
7.6897
7.6907
7.6914
7.6905
7.6888
7.6879
7.6863
7.6873
7.6868
7.6850
7.6836
7.6822
7.6810
7.6797
7.6807
7.6789
7.6777
7.6772
7.6758
7.6785
7.6740
7.6728
7.6718
7.6704
7.6690
7.6680
7.6677
7.6668
7.6656
7.6645
7.6651
7.6640
7.6637
7.6625
7.6616
7.6606
