
8.1202
7.8466
7.7720
7.7758
7.7312
7.7075
7.6931
7.6783
7.6673
7.6682
7.6569
7.6634
7.6572
7.6516
7.6487
7.6491
7.6460
7.6432
7.6385
7.6374
7.6410
7.6399
7.6382
7.6441
7.6512
7.6495
7.6470
7.6494
7.6469
7.6459
7.6539
7.6577
7.6569
7.6584
7.6570
7.6635
7.6616
7.6666
7.6639
7.6637
7.6704
7.6691
7.6708
7.6698
7.6693
7.6681
7.6657
7.6633
7.6633
7.6654
7.6641
7.6623
7.6615
7.6654
7.6688
7.6728
7.6745
7.6726
7.6711
7.6694
7.6707
7.6704
7.6721
7.6701
7.6686
7.6670
7.6663
7.6646
7.6631
7.6614
7.6609
7.6602
7.6638
7.6630
7.6622
7.6609
7.6602
7.6593
7.6592
7.6580
7.6572
7.6566
7.6560
7.6555
7.6565
7.6563
7.6590
7.6584
7.6598
7.6601
7.6594
7.6628
7.6615
7.6609
7.6637
7.6627
7.6615
7.6618
7.6616
7.6623
