
7.5526
7.6504
7.6910
7.6504
7.6856
7.6771
7.6960
7.6800
7.6822
7.6707
7.6661
7.6658
7.6652
7.6658
7.6609
7.6577
7.6561
7.6516
7.6463
7.6407
7.6378
7.6392
7.6380
7.6431
7.6435
7.6420
7.6432
7.6428
7.6402
7.6389
7.6382
7.6411
7.6405
7.6430
7.6413
7.6405
7.6400
7.6453
7.6450
7.6448
7.6462
7.6456
7.6474
7.6470
7.6474
7.6479
7.6504
7.6495
7.6481
7.6470
7.6458
7.6482
7.6477
7.6481
7.6480
7.6503
7.6487
7.6481
7.6468
7.6451
7.6443
7.6444
7.6440
7.6432
7.6433
7.6427
7.6423
7.6419
7.6420
7.6418
7.6423
7.6423
7.6417
7.6408
7.6400
7.6399
7.6415
7.6435
7.6426
7.6424
7.6429
7.6423
7.6422
7.6416
7.6409
7.6406
7.6405
7.6406
7.6401
7.6403
7.6398
7.6397
7.6394
7.6390
7.6389
7.6391
7.6388
7.6381
7.6395
7.6391
