
7.5757
7.6580
7.6340
7.6202
7.6220
7.6135
7.6070
7.6017
7.5987
7.5947
7.6027
7.6126
7.6105
7.6085
7.6061
7.6029
7.5999
7.5991
7.5981
7.5967
7.5953
7.5946
7.6021
7.6010
7.6098
7.6079
7.6075
7.6065
7.6052
7.6085
7.6073
7.6073
7.6064
7.6057
7.6049
7.6035
7.6024
7.6019
7.6011
7.6001
7.5996
7.5984
7.6020
7.6015
7.6013
7.6003
7.6008
7.6035
7.6034
7.6022
7.6023
7.6044
7.6033
7.6023
7.6018
7.6018
7.6008
7.6006
7.6001
7.5999
7.5993
7.5987
7.5990
7.5986
7.5981
7.5978
7.5974
7.5972
7.5970
7.5958
7.5958
7.5957
7.5953
7.5972
7.5972
7.5967
7.5961
7.5959
7.5959
7.5997
7.5994
7.6013
7.6007
7.6004
7.5996
7.5991
7.6006
7.6003
7.5997
7.5993
7.5990
7.5988
7.6001
7.6000
7.5997
7.5993
7.5994
7.5995
7.5992
7.5989
