
7.6899
7.5865
7.5760
7.4785
7.5178
7.5596
7.5350
7.5300
7.5170
7.5082
7.5109
7.5108
7.5229
7.5070
7.5037
7.4872
7.4954
7.4969
7.5246
7.5430
7.5485
7.5577
7.5606
7.5603
7.5730
7.5815
7.5961
7.5992
7.5907
7.5788
7.5698
7.5714
7.5673
7.5705
7.5652
7.5706
7.5661
7.5650
7.5727
7.5818
7.5765
7.5756
7.5744
7.5785
7.5837
7.5928
7.5958
7.5998
7.6058
7.6074
7.6064
7.6107
7.6134
7.6165
7.6217
7.6235
7.6238
7.6298
7.6397
7.6462
7.6505
7.6527
7.6555
7.6605
7.6587
7.6658
7.6742
7.6771
7.6780
7.6796
7.6811
7.6751
7.6740
7.6729
7.6774
7.6764
7.6792
7.6757
7.6750
7.6802
7.6785
7.6827
7.6799
7.6811
7.6798
7.6818
7.6803
7.6830
7.6871
7.6820
7.6832
7.6872
7.6900
7.6913
7.6937
7.6934
7.6933
7.6980
7.6949
7.6953
