
7.6418
7.4569
7.4249
7.4993
7.4925
7.4950
7.4590
7.4448
7.4424
7.4376
7.4268
7.4261
7.4085
7.4157
7.4166
7.4119
7.3946
7.3907
7.3688
7.3804
7.3891
7.3944
7.3926
7.3886
7.3852
7.3866
7.3828
7.3739
7.3699
7.3652
7.3662
7.3677
7.3660
7.3662
7.3590
7.3559
7.3551
7.3453
7.3432
7.3400
7.3376
7.3283
7.3279
7.3233
7.3188
7.3152
7.3119
7.3086
7.3048
7.3053
7.3026
7.3025
7.3014
7.2974
7.2974
7.2976
7.2952
7.2945
7.2939
7.2930
7.2926
7.2931
7.2941
7.2910
7.2905
7.2923
7.2900
7.2893
7.2912
7.2858
7.2858
7.2861
7.2875
7.2889
7.2886
7.2880
7.2887
7.2888
7.2896
7.2909
7.2899
7.2899
7.2932
7.2941
7.2973
7.2989
7.3034
7.3035
7.3043
7.3057
7.3092
7.3084
7.3105
7.3137
7.3126
7.3135
7.3149
7.3160
7.3169
7.3177
