
7.7854
7.7999
7.7203
7.6978
7.6265
7.6213
7.6352
7.6321
7.6263
7.6184
7.6342
7.6467
7.6441
7.6438
7.6395
7.6408
7.6405
7.6386
7.6376
7.6478
7.6455
7.6432
7.6438
7.6448
7.6453
7.6433
7.6416
7.6393
7.6450
7.6431
7.6412
7.6406
7.6448
7.6418
7.6471
7.6479
7.6495
7.6484
7.6470
7.6461
7.6471
7.6444
7.6427
7.6427
7.6425
7.6451
7.6441
7.6467
7.6469
7.6462
7.6466
7.6468
7.6447
7.6479
7.6487
7.6477
7.6471
7.6505
7.6505
7.6509
7.6511
7.6564
7.6562
7.6557
7.6593
7.6621
7.6625
7.6611
7.6628
7.6619
7.6643
7.6636
7.6631
7.6619
7.6620
7.6625
7.6617
7.6613
7.6614
7.6620
7.6611
7.6622
7.6621
7.6615
7.6612
7.6634
7.6627
7.6657
7.6669
7.6667
7.6665
7.6658
7.6691
7.6675
7.6675
7.6670
7.6667
7.6672
7.6700
7.6703
