
7.5759
7.5760
7.6344
7.6256
7.6161
7.6127
7.6059
7.5963
7.5968
7.5988
7.5999
7.5985
7.5960
7.5951
7.5939
7.5914
7.5903
7.5919
7.5914
7.5914
7.5928
7.5927
7.5921
7.5896
7.5961
7.5944
7.5935
7.5924
7.5912
7.5915
7.5914
7.5915
7.5910
7.5902
7.5897
7.5934
7.5937
7.5941
7.5931
7.5932
7.5922
7.5913
7.5957
7.5991
7.5984
7.5977
7.5963
7.5955
7.5952
7.5950
7.5952
7.5958
7.5948
7.5945
7.5955
7.5948
7.5948
7.5944
7.5937
7.5936
7.5928
7.5926
7.5919
7.5913
7.5916
7.5918
7.5914
7.5910
7.5910
7.5909
7.5910
7.5906
7.5923
7.5921
7.5918
7.5937
7.5934
7.5934
7.5957
7.5956
7.5958
7.5956
7.5957
7.5954
7.5953
7.5951
7.5951
7.5946
7.5947
7.5948
7.5943
7.5979
7.6027
7.6031
7.6048
7.6095
7.6144
7.6166
7.6167
7.6171
