
7.8311
7.8288
7.7665
7.8478
7.8505
7.8616
7.9280
7.9530
8.0062
7.9831
7.9562
7.9906
8.0002
8.0060
7.9894
7.9740
8.0121
8.0020
7.9929
8.0072
8.0109
8.0071
8.0018
8.0068
8.0036
8.0062
8.0232
8.0120
8.0097
8.0055
8.0103
8.0070
8.0119
8.0025
8.0036
7.9922
7.9909
7.9873
7.9780
7.9704
7.9652
7.9618
7.9671
7.9651
7.9647
7.9574
7.9575
7.9545
7.9510
7.9507
7.9456
7.9446
7.9393
7.9419
7.9406
7.9388
7.9354
7.9296
7.9235
7.9244
7.9270
7.9251
7.9292
7.9268
7.9226
7.9225
7.9193
7.9152
7.9128
7.9091
7.9087
7.9065
7.9054
7.9015
7.8980
7.8955
7.8999
7.8983
7.8947
7.8910
7.8869
7.8852
7.8819
7.8801
7.8767
7.8763
7.8726
7.8694
7.8679
7.8676
7.8657
7.8624
7.8603
7.8575
7.8558
7.8529
7.8515
7.8486
7.8466
7.8453
