
7.6353
7.6843
7.6532
7.6379
7.6217
7.6112
7.6250
7.6408
7.6437
7.6590
7.6538
7.6532
7.6484
7.6430
7.6483
7.6484
7.6479
7.6456
7.6409
7.6392
7.6381
7.6366
7.6338
7.6311
7.6297
7.6289
7.6300
7.6295
7.6280
7.6276
7.6243
7.6229
7.6227
7.6225
7.6197
7.6218
7.6222
7.6247
7.6250
7.6271
7.6269
7.6279
7.6274
7.6288
7.6279
7.6278
7.6303
7.6290
7.6274
7.6324
7.6321
7.6313
7.6310
7.6312
7.6315
7.6304
7.6301
7.6289
7.6275
7.6267
7.6279
7.6282
7.6284
7.6286
7.6282
7.6292
7.6277
7.6273
7.6265
7.6258
7.6265
7.6293
7.6297
7.6288
7.6292
7.6283
7.6283
7.6281
7.6279
7.6273
7.6278
7.6272
7.6272
7.6266
7.6274
7.6274
7.6278
7.6279
7.6303
7.6298
7.6285
7.6287
7.6285
7.6288
7.6280
7.6276
7.6270
7.6285
7.6288
7.6296
